|NumFeatures 359 378 395 402 404 392 371 343 |Hsr 321 
|NumFeatures 378 395 402 404 392 371 343 321 |Hsr 312 
|NumFeatures 395 402 404 392 371 343 321 312 |Hsr 292 
|NumFeatures 402 404 392 371 343 321 312 292 |Hsr 295 
|NumFeatures 404 392 371 343 321 312 292 295 |Hsr 332 
|NumFeatures 392 371 343 321 312 292 295 332 |Hsr 389 
|NumFeatures 371 343 321 312 292 295 332 389 |Hsr 426 
|NumFeatures 343 321 312 292 295 332 389 426 |Hsr 450 
|NumFeatures 321 312 292 295 332 389 426 450 |Hsr 449 
|NumFeatures 312 292 295 332 389 426 450 449 |Hsr 429 
|NumFeatures 292 295 332 389 426 450 449 429 |Hsr 406 
|NumFeatures 295 332 389 426 450 449 429 406 |Hsr 382 
|NumFeatures 332 389 426 450 449 429 406 382 |Hsr 368 
|NumFeatures 389 426 450 449 429 406 382 368 |Hsr 374 
|NumFeatures 426 450 449 429 406 382 368 374 |Hsr 397 
|NumFeatures 450 449 429 406 382 368 374 397 |Hsr 426 
|NumFeatures 449 429 406 382 368 374 397 426 |Hsr 442 
|NumFeatures 429 406 382 368 374 397 426 442 |Hsr 453 
|NumFeatures 406 382 368 374 397 426 442 453 |Hsr 447 
|NumFeatures 382 368 374 397 426 442 453 447 |Hsr 452 
|NumFeatures 368 374 397 426 442 453 447 452 |Hsr 451 
|NumFeatures 374 397 426 442 453 447 452 451 |Hsr 438 
|NumFeatures 397 426 442 453 447 452 451 438 |Hsr 414 
|NumFeatures 426 442 453 447 452 451 438 414 |Hsr 384 
|NumFeatures 442 453 447 452 451 438 414 384 |Hsr 356 
|NumFeatures 453 447 452 451 438 414 384 356 |Hsr 355 
|NumFeatures 447 452 451 438 414 384 356 355 |Hsr 397 
|NumFeatures 452 451 438 414 384 356 355 397 |Hsr 457 
|NumFeatures 451 438 414 384 356 355 397 457 |Hsr 486 
|NumFeatures 438 414 384 356 355 397 457 486 |Hsr 501 
|NumFeatures 414 384 356 355 397 457 486 501 |Hsr 520 
|NumFeatures 384 356 355 397 457 486 501 520 |Hsr 516 
|NumFeatures 356 355 397 457 486 501 520 516 |Hsr 507 
|NumFeatures 355 397 457 486 501 520 516 507 |Hsr 495 
|NumFeatures 397 457 486 501 520 516 507 495 |Hsr 477 
|NumFeatures 457 486 501 520 516 507 495 477 |Hsr 452 
|NumFeatures 486 501 520 516 507 495 477 452 |Hsr 456 
|NumFeatures 501 520 516 507 495 477 452 456 |Hsr 500 
|NumFeatures 520 516 507 495 477 452 456 500 |Hsr 500 
|NumFeatures 516 507 495 477 452 456 500 500 |Hsr 510 
|NumFeatures 507 495 477 452 456 500 500 510 |Hsr 556 
|NumFeatures 495 477 452 456 500 500 510 556 |Hsr 551 
|NumFeatures 477 452 456 500 500 510 556 551 |Hsr 539 
|NumFeatures 452 456 500 500 510 556 551 539 |Hsr 545 
|NumFeatures 456 500 500 510 556 551 539 545 |Hsr 542 
|NumFeatures 500 500 510 556 551 539 545 542 |Hsr 532 
|NumFeatures 500 510 556 551 539 545 542 532 |Hsr 504 
|NumFeatures 510 556 551 539 545 542 532 504 |Hsr 471 
|NumFeatures 556 551 539 545 542 532 504 471 |Hsr 444 
|NumFeatures 551 539 545 542 532 504 471 444 |Hsr 427 
|NumFeatures 539 545 542 532 504 471 444 427 |Hsr 419 
|NumFeatures 545 542 532 504 471 444 427 419 |Hsr 436 
|NumFeatures 542 532 504 471 444 427 419 436 |Hsr 451 
|NumFeatures 532 504 471 444 427 419 436 451 |Hsr 460 
|NumFeatures 504 471 444 427 419 436 451 460 |Hsr 466 
|NumFeatures 471 444 427 419 436 451 460 466 |Hsr 487 
|NumFeatures 444 427 419 436 451 460 466 487 |Hsr 484 
|NumFeatures 427 419 436 451 460 466 487 484 |Hsr 469 
|NumFeatures 419 436 451 460 466 487 484 469 |Hsr 440 
|NumFeatures 436 451 460 466 487 484 469 440 |Hsr 409 
|NumFeatures 451 460 466 487 484 469 440 409 |Hsr 379 
|NumFeatures 460 466 487 484 469 440 409 379 |Hsr 353 
|NumFeatures 466 487 484 469 440 409 379 353 |Hsr 326 
|NumFeatures 487 484 469 440 409 379 353 326 |Hsr 310 
|NumFeatures 484 469 440 409 379 353 326 310 |Hsr 316 
|NumFeatures 469 440 409 379 353 326 310 316 |Hsr 367 
|NumFeatures 440 409 379 353 326 310 316 367 |Hsr 412 
|NumFeatures 409 379 353 326 310 316 367 412 |Hsr 419 
|NumFeatures 379 353 326 310 316 367 412 419 |Hsr 413 
|NumFeatures 353 326 310 316 367 412 419 413 |Hsr 406 
|NumFeatures 326 310 316 367 412 419 413 406 |Hsr 384 
|NumFeatures 310 316 367 412 419 413 406 384 |Hsr 358 
|NumFeatures 316 367 412 419 413 406 384 358 |Hsr 350 
|NumFeatures 367 412 419 413 406 384 358 350 |Hsr 380 
|NumFeatures 412 419 413 406 384 358 350 380 |Hsr 407 
|NumFeatures 419 413 406 384 358 350 380 407 |Hsr 442 
|NumFeatures 413 406 384 358 350 380 407 442 |Hsr 436 
|NumFeatures 406 384 358 350 380 407 442 436 |Hsr 454 
|NumFeatures 384 358 350 380 407 442 436 454 |Hsr 472 
|NumFeatures 358 350 380 407 442 436 454 472 |Hsr 484 
|NumFeatures 350 380 407 442 436 454 472 484 |Hsr 486 
|NumFeatures 380 407 442 436 454 472 484 486 |Hsr 472 
|NumFeatures 407 442 436 454 472 484 486 472 |Hsr 446 
|NumFeatures 442 436 454 472 484 486 472 446 |Hsr 415 
|NumFeatures 436 454 472 484 486 472 446 415 |Hsr 384 
|NumFeatures 454 472 484 486 472 446 415 384 |Hsr 354 
|NumFeatures 472 484 486 472 446 415 384 354 |Hsr 360 
|NumFeatures 484 486 472 446 415 384 354 360 |Hsr 365 
|NumFeatures 486 472 446 415 384 354 360 365 |Hsr 372 
|NumFeatures 472 446 415 384 354 360 365 372 |Hsr 391 
|NumFeatures 446 415 384 354 360 365 372 391 |Hsr 429 
|NumFeatures 415 384 354 360 365 372 391 429 |Hsr 443 
|NumFeatures 384 354 360 365 372 391 429 443 |Hsr 444 
|NumFeatures 354 360 365 372 391 429 443 444 |Hsr 427 
|NumFeatures 360 365 372 391 429 443 444 427 |Hsr 397 
|NumFeatures 365 372 391 429 443 444 427 397 |Hsr 366 
|NumFeatures 372 391 429 443 444 427 397 366 |Hsr 340 
|NumFeatures 391 429 443 444 427 397 366 340 |Hsr 313 
|NumFeatures 429 443 444 427 397 366 340 313 |Hsr 295 
|NumFeatures 443 444 427 397 366 340 313 295 |Hsr 283 
|NumFeatures 444 427 397 366 340 313 295 283 |Hsr 304 
|NumFeatures 427 397 366 340 313 295 283 304 |Hsr 345 
|NumFeatures 397 366 340 313 295 283 304 345 |Hsr 372 
|NumFeatures 366 340 313 295 283 304 345 372 |Hsr 368 
|NumFeatures 340 313 295 283 304 345 372 368 |Hsr 368 
|NumFeatures 313 295 283 304 345 372 368 368 |Hsr 360 
|NumFeatures 295 283 304 345 372 368 368 360 |Hsr 339 
|NumFeatures 283 304 345 372 368 368 360 339 |Hsr 311 
|NumFeatures 304 345 372 368 368 360 339 311 |Hsr 288 
|NumFeatures 345 372 368 368 360 339 311 288 |Hsr 268 
|NumFeatures 372 368 368 360 339 311 288 268 |Hsr 258 
|NumFeatures 368 368 360 339 311 288 268 258 |Hsr 273 
|NumFeatures 368 360 339 311 288 268 258 273 |Hsr 282 
|NumFeatures 360 339 311 288 268 258 273 282 |Hsr 301 
|NumFeatures 339 311 288 268 258 273 282 301 |Hsr 322 
|NumFeatures 311 288 268 258 273 282 301 322 |Hsr 330 
|NumFeatures 288 268 258 273 282 301 322 330 |Hsr 324 
|NumFeatures 268 258 273 282 301 322 330 324 |Hsr 322 
|NumFeatures 258 273 282 301 322 330 324 322 |Hsr 306 
|NumFeatures 273 282 301 322 330 324 322 306 |Hsr 275 
|NumFeatures 282 301 322 330 324 322 306 275 |Hsr 255 
|NumFeatures 301 322 330 324 322 306 275 255 |Hsr 238 
|NumFeatures 322 330 324 322 306 275 255 238 |Hsr 219 
|NumFeatures 330 324 322 306 275 255 238 219 |Hsr 219 
|NumFeatures 324 322 306 275 255 238 219 219 |Hsr 208 
|NumFeatures 322 306 275 255 238 219 219 208 |Hsr 194 
|NumFeatures 306 275 255 238 219 219 208 194 |Hsr 190 
|NumFeatures 275 255 238 219 219 208 194 190 |Hsr 187 
|NumFeatures 255 238 219 219 208 194 190 187 |Hsr 180 
|NumFeatures 238 219 219 208 194 190 187 180 |Hsr 169 
|NumFeatures 219 219 208 194 190 187 180 169 |Hsr 155 
|NumFeatures 219 208 194 190 187 180 169 155 |Hsr 134 
|NumFeatures 208 194 190 187 180 169 155 134 |Hsr 121 
|NumFeatures 194 190 187 180 169 155 134 121 |Hsr 104 
|NumFeatures 190 187 180 169 155 134 121 104 |Hsr 101 
|NumFeatures 187 180 169 155 134 121 104 101 |Hsr 97 
|NumFeatures 180 169 155 134 121 104 101 97 |Hsr 92 
|NumFeatures 169 155 134 121 104 101 97 92 |Hsr 89 
|NumFeatures 155 134 121 104 101 97 92 89 |Hsr 85 
|NumFeatures 134 121 104 101 97 92 89 85 |Hsr 95 
|NumFeatures 121 104 101 97 92 89 85 95 |Hsr 104 
|NumFeatures 104 101 97 92 89 85 95 104 |Hsr 98 
|NumFeatures 101 97 92 89 85 95 104 98 |Hsr 81 
|NumFeatures 97 92 89 85 95 104 98 81 |Hsr 64 
|NumFeatures 92 89 85 95 104 98 81 64 |Hsr 47 
|NumFeatures 89 85 95 104 98 81 64 47 |Hsr 38 
|NumFeatures 85 95 104 98 81 64 47 38 |Hsr 45 
|NumFeatures 95 104 98 81 64 47 38 45 |Hsr 50 
|NumFeatures 104 98 81 64 47 38 45 50 |Hsr 72 
|NumFeatures 98 81 64 47 38 45 50 72 |Hsr 81 
|NumFeatures 81 64 47 38 45 50 72 81 |Hsr 90 
|NumFeatures 64 47 38 45 50 72 81 90 |Hsr 86 
|NumFeatures 47 38 45 50 72 81 90 86 |Hsr 102 
|NumFeatures 38 45 50 72 81 90 86 102 |Hsr 113 
|NumFeatures 45 50 72 81 90 86 102 113 |Hsr 100 
|NumFeatures 50 72 81 90 86 102 113 100 |Hsr 86 
|NumFeatures 72 81 90 86 102 113 100 86 |Hsr 63 
|NumFeatures 81 90 86 102 113 100 86 63 |Hsr 58 
|NumFeatures 90 86 102 113 100 86 63 58 |Hsr 69 
|NumFeatures 86 102 113 100 86 63 58 69 |Hsr 111 
|NumFeatures 102 113 100 86 63 58 69 111 |Hsr 111 
|NumFeatures 113 100 86 63 58 69 111 111 |Hsr 104 
|NumFeatures 100 86 63 58 69 111 111 104 |Hsr 98 
|NumFeatures 86 63 58 69 111 111 104 98 |Hsr 116 
|NumFeatures 63 58 69 111 111 104 98 116 |Hsr 112 
|NumFeatures 58 69 111 111 104 98 116 112 |Hsr 113 
|NumFeatures 69 111 111 104 98 116 112 113 |Hsr 104 
|NumFeatures 111 111 104 98 116 112 113 104 |Hsr 82 
|NumFeatures 111 104 98 116 112 113 104 82 |Hsr 65 
|NumFeatures 104 98 116 112 113 104 82 65 |Hsr 90 
|NumFeatures 98 116 112 113 104 82 65 90 |Hsr 171 
|NumFeatures 116 112 113 104 82 65 90 171 |Hsr 216 
|NumFeatures 112 113 104 82 65 90 171 216 |Hsr 218 
|NumFeatures 113 104 82 65 90 171 216 218 |Hsr 205 
|NumFeatures 104 82 65 90 171 216 218 205 |Hsr 193 
|NumFeatures 82 65 90 171 216 218 205 193 |Hsr 194 
|NumFeatures 65 90 171 216 218 205 193 194 |Hsr 189 
|NumFeatures 90 171 216 218 205 193 194 189 |Hsr 175 
|NumFeatures 171 216 218 205 193 194 189 175 |Hsr 150 
|NumFeatures 216 218 205 193 194 189 175 150 |Hsr 123 
|NumFeatures 218 205 193 194 189 175 150 123 |Hsr 115 
|NumFeatures 205 193 194 189 175 150 123 115 |Hsr 140 
|NumFeatures 193 194 189 175 150 123 115 140 |Hsr 206 
|NumFeatures 194 189 175 150 123 115 140 206 |Hsr 240 
|NumFeatures 189 175 150 123 115 140 206 240 |Hsr 280 
|NumFeatures 175 150 123 115 140 206 240 280 |Hsr 292 
|NumFeatures 150 123 115 140 206 240 280 292 |Hsr 285 
|NumFeatures 123 115 140 206 240 280 292 285 |Hsr 289 
|NumFeatures 115 140 206 240 280 292 285 289 |Hsr 302 
|NumFeatures 140 206 240 280 292 285 289 302 |Hsr 290 
|NumFeatures 206 240 280 292 285 289 302 290 |Hsr 264 
|NumFeatures 240 280 292 285 289 302 290 264 |Hsr 233 
|NumFeatures 280 292 285 289 302 290 264 233 |Hsr 214 
|NumFeatures 292 285 289 302 290 264 233 214 |Hsr 194 
|NumFeatures 285 289 302 290 264 233 214 194 |Hsr 192 
|NumFeatures 289 302 290 264 233 214 194 192 |Hsr 201 
|NumFeatures 302 290 264 233 214 194 192 201 |Hsr 223 
|NumFeatures 290 264 233 214 194 192 201 223 |Hsr 240 
|NumFeatures 264 233 214 194 192 201 223 240 |Hsr 293 
|NumFeatures 233 214 194 192 201 223 240 293 |Hsr 311 
|NumFeatures 214 194 192 201 223 240 293 311 |Hsr 306 
|NumFeatures 194 192 201 223 240 293 311 306 |Hsr 306 
|NumFeatures 192 201 223 240 293 311 306 306 |Hsr 297 
|NumFeatures 201 223 240 293 311 306 306 297 |Hsr 269 
|NumFeatures 223 240 293 311 306 306 297 269 |Hsr 263 
|NumFeatures 240 293 311 306 306 297 269 263 |Hsr 262 
|NumFeatures 293 311 306 306 297 269 263 262 |Hsr 248 
|NumFeatures 311 306 306 297 269 263 262 248 |Hsr 247 
|NumFeatures 306 306 297 269 263 262 248 247 |Hsr 289 
|NumFeatures 306 297 269 263 262 248 247 289 |Hsr 311 
|NumFeatures 297 269 263 262 248 247 289 311 |Hsr 311 
|NumFeatures 269 263 262 248 247 289 311 311 |Hsr 305 
|NumFeatures 263 262 248 247 289 311 311 305 |Hsr 296 
|NumFeatures 262 248 247 289 311 311 305 296 |Hsr 279 
|NumFeatures 248 247 289 311 311 305 296 279 |Hsr 260 
|NumFeatures 247 289 311 311 305 296 279 260 |Hsr 231 
|NumFeatures 289 311 311 305 296 279 260 231 |Hsr 218 
|NumFeatures 311 311 305 296 279 260 231 218 |Hsr 245 
|NumFeatures 311 305 296 279 260 231 218 245 |Hsr 278 
|NumFeatures 305 296 279 260 231 218 245 278 |Hsr 342 
|NumFeatures 296 279 260 231 218 245 278 342 |Hsr 393 
|NumFeatures 279 260 231 218 245 278 342 393 |Hsr 407 
|NumFeatures 260 231 218 245 278 342 393 407 |Hsr 397 
|NumFeatures 231 218 245 278 342 393 407 397 |Hsr 393 
|NumFeatures 218 245 278 342 393 407 397 393 |Hsr 388 
|NumFeatures 245 278 342 393 407 397 393 388 |Hsr 375 
|NumFeatures 278 342 393 407 397 393 388 375 |Hsr 352 
|NumFeatures 342 393 407 397 393 388 375 352 |Hsr 323 
|NumFeatures 393 407 397 393 388 375 352 323 |Hsr 299 
|NumFeatures 407 397 393 388 375 352 323 299 |Hsr 274 
|NumFeatures 397 393 388 375 352 323 299 274 |Hsr 260 
|NumFeatures 393 388 375 352 323 299 274 260 |Hsr 306 
|NumFeatures 388 375 352 323 299 274 260 306 |Hsr 338 
|NumFeatures 375 352 323 299 274 260 306 338 |Hsr 331 
|NumFeatures 352 323 299 274 260 306 338 331 |Hsr 315 
|NumFeatures 323 299 274 260 306 338 331 315 |Hsr 300 
|NumFeatures 299 274 260 306 338 331 315 300 |Hsr 287 
|NumFeatures 274 260 306 338 331 315 300 287 |Hsr 269 
|NumFeatures 260 306 338 331 315 300 287 269 |Hsr 247 
|NumFeatures 306 338 331 315 300 287 269 247 |Hsr 215 
|NumFeatures 338 331 315 300 287 269 247 215 |Hsr 219 
|NumFeatures 331 315 300 287 269 247 215 219 |Hsr 272 
|NumFeatures 315 300 287 269 247 215 219 272 |Hsr 304 
|NumFeatures 300 287 269 247 215 219 272 304 |Hsr 306 
|NumFeatures 287 269 247 215 219 272 304 306 |Hsr 306 
|NumFeatures 269 247 215 219 272 304 306 306 |Hsr 308 
|NumFeatures 247 215 219 272 304 306 306 308 |Hsr 310 
|NumFeatures 215 219 272 304 306 306 308 310 |Hsr 314 
|NumFeatures 219 272 304 306 306 308 310 314 |Hsr 326 
|NumFeatures 272 304 306 306 308 310 314 326 |Hsr 331 
|NumFeatures 304 306 306 308 310 314 326 331 |Hsr 309 
|NumFeatures 306 306 308 310 314 326 331 309 |Hsr 280 
|NumFeatures 306 308 310 314 326 331 309 280 |Hsr 254 
|NumFeatures 308 310 314 326 331 309 280 254 |Hsr 239 
|NumFeatures 310 314 326 331 309 280 254 239 |Hsr 228 
|NumFeatures 314 326 331 309 280 254 239 228 |Hsr 242 
|NumFeatures 326 331 309 280 254 239 228 242 |Hsr 251 
|NumFeatures 331 309 280 254 239 228 242 251 |Hsr 249 
|NumFeatures 309 280 254 239 228 242 251 249 |Hsr 256 
|NumFeatures 280 254 239 228 242 251 249 256 |Hsr 271 
|NumFeatures 254 239 228 242 251 249 256 271 |Hsr 264 
|NumFeatures 239 228 242 251 249 256 271 264 |Hsr 243 
|NumFeatures 228 242 251 249 256 271 264 243 |Hsr 219 
|NumFeatures 242 251 249 256 271 264 243 219 |Hsr 194 
|NumFeatures 251 249 256 271 264 243 219 194 |Hsr 167 
|NumFeatures 249 256 271 264 243 219 194 167 |Hsr 161 
|NumFeatures 256 271 264 243 219 194 167 161 |Hsr 171 
|NumFeatures 271 264 243 219 194 167 161 171 |Hsr 209 
|NumFeatures 264 243 219 194 167 161 171 209 |Hsr 261 
|NumFeatures 243 219 194 167 161 171 209 261 |Hsr 289 
|NumFeatures 219 194 167 161 171 209 261 289 |Hsr 295 
|NumFeatures 194 167 161 171 209 261 289 295 |Hsr 301 
|NumFeatures 167 161 171 209 261 289 295 301 |Hsr 297 
|NumFeatures 161 171 209 261 289 295 301 297 |Hsr 283 
|NumFeatures 171 209 261 289 295 301 297 283 |Hsr 258 
|NumFeatures 209 261 289 295 301 297 283 258 |Hsr 226 
|NumFeatures 261 289 295 301 297 283 258 226 |Hsr 203 
|NumFeatures 289 295 301 297 283 258 226 203 |Hsr 198 
|NumFeatures 295 301 297 283 258 226 203 198 |Hsr 188 
|NumFeatures 301 297 283 258 226 203 198 188 |Hsr 178 
|NumFeatures 297 283 258 226 203 198 188 178 |Hsr 162 
|NumFeatures 283 258 226 203 198 188 178 162 |Hsr 161 
|NumFeatures 258 226 203 198 188 178 162 161 |Hsr 170 
|NumFeatures 226 203 198 188 178 162 161 170 |Hsr 171 
