0001,1,2,6.25,6.5,6.75,7,7.5,8,8.25,8.5,8.75,9,9.5
0001,2,2,2.156,2.156,1.524,1.815,0.833,3.754,1.47,2.147,1.299,1.702,0.75
0002,1,3,7.167,7.333,7.5,7.667,7.833,8,8.167,8.333,8.5,8.667,8.833,9,9.25,9.5,10.5,11,11.5,12
0002,2,3,2.987,2.44,3.485,2.416,2.621,3.24,1.501,2.047,1.01,0.783,2.634,2.077,1.358,1.99,2.554,2.244,3.644,3.6
0003,1,3,7.25,7.5,7.75,9,9.5,10
0003,2,3,0,1.967,0.83,1.968,1.672,0.13
0004,1,1,7.25,7.5,7.75,9,9.5,10
0004,2,1,2.052,3.005,1.613,1.775,1.583,1.8
0005,1,3,7,8.25,8.5,10
0005,2,3,0.52,1.442,0.087,0.33
0006,1,4,6.25,6.5,6.75,7,8.25,8.5,8.75,9,9.5
0006,2,4,3.383,2.471,0,0,2.047,1.071,0.151,0,0
0007,1,2,7.25,7.5,7.75,8,9.5,11.5
0007,2,2,3.48,3.572,1.871,0.848,0.891,0
0008,1,1,7,7.5,8.25,8.5,8.75,9,9.25,9.5
0008,2,1,0.9,4,2.064,3.586,3.712,3.335,0.323,0
0009,1,3,6.25,6.5,6.75,7,7.25,7.5,8.25,8.5,8.75,9,9.5,10
0009,2,3,2.112,1.837,2.328,2.077,0.674,0.862,0.566,1.678,2.657,2.221,0,0
0010,1,4,6.25,6.5,6.75,7,7.25,7.5,8.25,8.5,8.75,9.5,10
0010,2,4,0.441,0.598,0.366,0.165,2.266,0.12,0.796,0.138,0,0,0
0011,1,1,6.25,6.5,6.75,7,7.25,7.5,7.75,8,8.25,8.5,9.5,10,10.5,11
0011,2,1,2.03,1.697,2.327,2.774,2.782,1.761,1.946,1.798,2.944,2.334,0.781,0.183,0.537,0.55
0012,1,3,6.25,6.5,6.75,7,7.75,8,8.25,8.5,9.5,10,10.5,11
0012,2,3,1.716,1.025,0.755,0.25,4,0.913,0.514,1.783,0.805,1.12,0.946,0.58
0013,1,4,6.25,6.5,6.75,7,8.25,8.5,8.75,9,9.5,10,11.5
0013,2,4,1.896,1.13,0.857,0.859,1.251,1.175,0.152,1.093,1.436,1.511,0
0014,1,2,6.25,6.5,6.75,7,7.25,7.5,9.5,10
0014,2,2,2.483,1.765,1.277,0.868,1.985,1.123,2.369,1.66
0015,1,1,6.25,6.5,6.75,7,7.25,7.5,7.75,8,8.25,8.5,8.75,9,9.5,10,10.5,11,11.5,12
0015,2,1,3.294,3.708,4,3.367,3.103,3.405,3.959,2.264,2.878,2.728,3.717,2.244,2.273,3.253,2.465,2.01,2.192,3.4
0016,1,4,6.25,6.5,6.75,7,7.25,7.5,7.75,8,9.5,10
0016,2,4,0.199,1.694,0.189,0.462,0,0,0,0.586,0,0
0017,1,2,7.75,8,8.25,8.5,8.75,9,9.5
0017,2,2,2.812,2.715,2.152,1.572,2.404,1.953,1.58
0018,1,2,6.25,6.5,6.75,7,7.25,7.5,7.75,8,8.25,8.5,8.75,9,9.5,10,10.5,11,11.5,12
0018,2,2,2.437,2.557,1.482,1.344,2.505,2.092,2.689,2.855,1.17,2.848,2.981,0.068,1.44,0.621,2.224,2.759,2.804,2.83
0019,1,2,6.25,6.5,6.75,7,7.25,7.5,7.75,8,8.25,8.5,8.75,9,9.5,10,10.5,11,11.5,12
0019,2,2,3.52,2.076,2.208,1.664,1.616,3.078,2.984,2.137,1.245,1.699,1.16,1.655,0.762,0.126,0.986,0.905,0.38,1.33
0020,1,3,6.25,6.5,6.75,7,7.25,7.5,7.75,8,8.5,9.5,10,10.25,10.5
0020,2,3,1.453,0.109,0,0.339,0,0,0.064,0,1.414,0,0,1.831,0
0021,1,2,7.25,7.5,8.25,8.5,8.75,9,9.5,10
0021,2,2,2.17,1.297,2.752,0.496,1.097,0.274,0.532,0
0022,1,4,6.25,6.5,6.75,7,7.25,7.5,8.25,8.5,9.5,10
0022,2,4,1.294,0,2.413,1.528,0.264,0.895,0.596,0.036,0.705,0
0023,1,1,6.25,6.5,6.75,7,7.25,7.5,7.75,8,8.25,8.5,8.75,9,9.5,10,10.5,11,11.5,12,12.5,13
0023,2,1,3.676,1.533,2.561,0.839,3.386,2.316,3.448,1.916,2.425,2.33,2.904,2.041,1.215,0.38,0,1.342,1.207,1.784,1.264,1
0024,1,3,7.25,7.5,7.75,8,8.25,8.5,8.75,9,9.5,10,10.5,11,11.5,12
0024,2,3,1.798,2.091,0,0.21,1.04,1.131,0.09,1.368,1.849,1.56,0,0.517,0.294,1.55
0025,1,3,6.25,6.5,6.75,7,7.25,7.5,7.75,8,8.25,8.5,8.75,9,9.5,10,10.5,11,11.25,11.5,11.75,12
0025,2,3,2.254,0.069,1.496,0.102,1.23,1.909,0.458,1.378,1.62,1.358,1.112,2.324,1.371,0.441,2.416,2.709,2.223,3.197,3.159,2.91
0026,1,1,6.25,6.5,6.75,7,7.25,7.5,7.75,8,9.5,10,10.5,11,12.5,13
0026,2,1,3.994,2.849,2.623,2.959,3.443,3.368,3.253,3.395,1.618,0.519,0,1.991,0.582,0
0027,1,4,7,7.25,7.5,7.75,8,8.25,8.5,8.75,9,9.25,9.5,9.75,10,10.5,11,11.5,12,12.5,13
0027,2,4,1.59,1.01,0.24,0.612,0.826,0.137,0.645,0.039,0.971,0.282,1.134,0.327,0,0.486,0.998,1.035,1.087,0.953,1.91
0028,1,1,6.25,6.5,6.75,7,7.25,7.5,7.75,8,8.25,8.5,8.75,9,9.5,10,10.5,11,11.5,12,12.5,13
0028,2,1,1.594,2.99,2.266,2.249,2.611,2.733,2.112,2.126,3.926,2.938,4,2.396,3.373,2.662,3.467,0.698,0.674,1.059,2.921,2.26
0029,1,3,6.25,6.5,6.75,7,7.25,7.5,7.75,8,8.25,8.5,8.75,9,9.5,10,10.5,11,11.5,12,12.5,13
0029,2,3,2.143,0.417,0.499,0,1.656,0.385,0.174,1.014,2.453,0.792,2.316,0.747,0.435,0.726,1.361,0.563,0.933,0.952,1.105,1.06
0030,1,1,6.25,6.5,6.75,7,7.25,7.5,7.75,8,8.25,8.5,8.75,9,9.5,10,10.5,11,11.5,12,12.5,13
0030,2,1,2.04,2.135,1.127,1.813,1.757,3.06,2.86,4,2.313,2.968,2.274,3.148,2.886,3.098,0.636,2.245,1.319,2.014,3.056,1.88
0031,1,4,6.25,6.5,6.75,7,7.25,7.5,8.75,9,9.5,10,11.5
0031,2,4,0.72,0.159,1.125,0,0,0.962,0.34,0,0,0.126,0
0032,1,1,6.25,6.5,6.75,7,7.25,7.5,7.75,8,8.25,8.5,8.75,9,9.5,10,10.5,11,11.5,12,12.5,13
0032,2,1,0.418,0.633,1.36,2.669,2.709,2.737,2.811,2.233,3,1.933,1.524,2.102,1.786,2.064,1.709,2.688,0.8,1.396,1.515,2.33
0033,1,1,6.25,6.5,6.75,7,7.25,7.5,7.75,8,8.25,8.5,8.75,9,9.5,10,10.5,11,11.5,12,12.5,13
0033,2,1,2.408,2.49,2.953,2.321,1.523,2.371,4,4,2.403,3.515,3.518,3.499,2.06,3.039,3.092,2.879,2.863,3.4,2.995,3.11
0034,1,1,7.25,7.5,7.75,8,8.25,8.5,8.75,9,9.5,10,10.5,11
0034,2,1,4,3.584,3.617,3.982,3.52,2.359,2.884,2.464,3.906,2.957,3.073,2.41
0035,1,1,6.25,6.5,6.75,7,7.25,7.5,7.75,8,8.25,8.5,8.75,9,9.5,10,10.5,11,11.5,12,12.75,13
0035,2,1,3.136,2.484,1.728,2.716,1.702,1.454,1.008,1.476,2.566,1.925,2.155,2.316,1.118,0,0,0,0.522,0,3.128,3.11
0036,1,3,7,7.5,7.75,8,8.25,8.5,8.75,9,9.25,9.5,9.75,10,10.5,11,11.5,12,12.5,13
0036,2,3,1.79,2.052,0.382,1.158,0.427,0.944,0.641,0.406,0.91,0,0.823,2.924,1.538,2.287,1.43,1.713,2.208,0.41
0037,1,4,7,7.25,7.5,7.75,8,11.5
0037,2,4,0.483,0.269,0.397,0,0.186,2
0038,1,1,7.75,8,9.5,10
0038,2,1,2.15,3.543,0,0
0039,1,2,6.25,6.5,6.75,7,7.25,7.5,7.75,8,8.25,8.5,8.75,9,9.5,10,10.25,10.5,10.75
0039,2,2,1.151,0.226,1.272,0.666,1.021,2.731,2.461,1.96,0.144,2.223,0.627,0.471,1.856,2.159,2.78,4,2.33
0040,1,1,7,7.25,7.5,7.75,8,8.25,8.5,8.75,9,9.25,9.5,9.75,10.5,11,11.5,12,13
0040,2,1,1.736,2.963,1.319,2.238,1.59,2.823,2.64,3.069,2.437,1.626,3.086,1.198,0.324,0,0.558,0.668,2.22
0041,1,1,7,7.25,7.5,7.75,8,8.25,8.5,8.75,9,9.25,9.5,9.75,10,10.5,11,11.5,12,12.5,13
0041,2,1,3.359,4,3.241,3.594,2.122,2.506,3.257,4,2.636,1.431,1.432,0.072,0.356,3.229,0.948,2.911,0.78,2.588,0.77
0042,1,3,7,7.25,7.5,7.75,8,8.25,8.5,8.75,9,9.25,9.5,9.75,10,10.25,10.5,10.75,11
0042,2,3,0,0,0.185,0,0,0.841,2.126,0.396,1.235,0.709,0.162,0.886,0.007,0.384,0.026,0.258,0
0043,1,4,6.25,6.5,6.75,7,9.5
0043,2,4,0.203,0,1.277,0.445,0
0044,1,4,7,7.25,7.5,7.75,8,8.25,8.5,9,9.25,9.75,10.5,11,11.5,12,12.5,13
0044,2,4,0.5,1.941,0.397,1.4,0.632,0.429,0.163,0,1.126,0.935,0.453,0.738,0.588,1.368,2.948,2.66
0045,1,1,7,7.25,7.5,7.75,8,8.25,8.5,8.75,9,9.25,9.5,9.75,10.5,11,11.5,12,12.5,13
0045,2,1,4,3.513,3.872,3.719,3.309,4,4,4,2.846,3.898,3.285,3.164,3.991,3.92,3.619,2.779,3.494,3.77
0046,1,1,7,7.25,7.5,7.75,8,8.25,8.5,8.75,9,9.25,9.5,9.75,10,10.5,11
0046,2,1,1.69,1.929,1.48,1.807,0.383,2.558,2.648,2.843,3.413,1.06,2.153,0.343,0.457,2.473,2.66
0047,1,1,7,8,8.25,8.5,8.75,9,9.25,9.5,9.75,10,10.5,11.5
0047,2,1,0.385,0.535,3.325,2.314,1.772,2.614,0.191,0.925,0.421,0,0,0.91
0048,1,2,7,8,8.25,8.5,8.75,9,9.25,9.5,9.75,10,10.25,10.5,10.75,11,11.5,12,12.5,13
0048,2,2,2.483,4,1.383,0.192,2.087,1.388,0,0.043,1.54,1.627,2.37,1.63,0,1.395,1.37,1.323,0.953,1.66
0049,1,3,7,7.25,7.5,7.75,8,9.25
0049,2,3,1.017,0.111,0.157,1.475,0.95,0
0050,1,2,7,8,9.75,10,11.5,12
0050,2,2,2.906,1.418,1.954,1.501,0.915,0
0051,1,3,7,8.25,8.5,8.75,9,9.5,10
0051,2,3,1.173,1.514,1.339,0.767,0,2.034,2.66
0052,1,1,7,8,8.25,8.5,8.75,9,9.75,10,10.25,10.5,10.75,11,11.25,11.5,11.75,12,12.5,13
0052,2,1,2.214,2.455,2.262,2.598,3.265,4,1.31,0,3.455,2.836,3.476,1.579,2.698,3.03,2.22,2.675,3.638,2.94
0053,1,2,7,7.5,8.25,8.5,8.75,9,9.75,10
0053,2,2,0.823,1.619,0,0,2.092,0,0.514,0
0054,1,3,7,8,8.25,8.5,8.75,9,10.75
0054,2,3,1.134,0.615,0.972,0.515,0.156,0.52,0
0055,1,3,7,8,8.25,8.5,8.75,9,9.25,9.5,9.75,10,10.5
0055,2,3,1.465,1.173,3.18,1.184,2.481,0.632,2.158,0.386,0.195,0.474,0
0056,1,2,7,8,8.25,8.5,8.75,9,9.25,9.5,9.75,10,10.25,10.5,10.75,11,11.5,12.5,13
0056,2,2,0.35,0.904,1.823,2.476,0.363,0.158,2.033,1.923,0.012,0.857,1.925,1.108,0.504,0,2.31,2.724,2.55
0057,1,1,6.25,6.5,6.75,7,7.25,7.5,7.75,8,8.25,8.5,9.5,10,10.5,11
0057,2,1,2.188,1.966,3.478,2.035,3.804,2.825,3.232,1.78,1.586,3.185,0,3.027,2.196,1.08
0058,1,1,6.25,6.5,6.75,7,7.25,7.5,7.75,8,8.25,8.5,9.5,10,10.5,11
0058,2,1,2.383,3.098,2.571,3.27,2.164,3.251,2.492,2.752,2.57,3.202,0.398,1.34,1.602,1.49
0059,1,1,6.25,6.5,6.75,7,7.25,7.5,7.75,8,8.25,8.5,9.5,10,10.5,11
0059,2,1,3.466,3.762,4,3.501,3.161,1.597,2.249,3.075,2.677,2.334,2.082,2.079,2.603,2.11
0060,1,3,6.25,6.5,6.75,7,7.25,7.5,7.75,8,8.25,8.5,8.75,9,9.5,10.25,10.5,10.75
0060,2,3,2.681,3.909,2.202,1.755,2.607,2.642,3.219,2.169,0.66,1.541,3.402,1.873,0.868,3.523,3.708,3.66
0061,1,1,6.25,6.5,6.75,7,7.25,7.5,7.75,8,8.25,8.5,8.75,9,9.5,10,10.5,11,11.5,12
0061,2,1,3.188,3.191,2.125,2.885,3.672,3.278,2.476,2.789,2.488,1.25,1.512,2.451,0.563,0.808,0.867,0,1.571,1
0062,1,2,6.5,6.75,7,7.25,7.5,8.5,8.75,9,9.5,10
0062,2,2,0.888,0.369,2.449,1.579,0.553,0.363,0.468,0.216,0,0
0063,1,4,6.25,6.5,6.75,7,7.25,7.5,8.5,8.75,9,9.5,10,10.5,11
0063,2,4,1.82,0.487,1.308,0.186,0.643,0,2.293,0.089,0,0,0.159,2.076,0
0064,1,1,6.25,6.5,6.75,7,7.25,7.5,7.75,8,8.25,8.5,8.75,9,9.5,10,10.5,11,11.5,12
0064,2,1,4,3.868,3.036,3.407,3.33,3.584,2.81,2.967,3.243,3.012,3.353,3.126,2.359,1.877,2.177,2.095,1.965,2.86
0065,1,2,6.25,6.5,6.75,7,7.25,7.5,7.75,8,8.25,8.5,8.75,9,9.5,10,10.5,11,12.5
0065,2,2,2.777,0.859,2.042,0,2.15,0,1.171,0,3.178,2.605,1.69,0.182,0.634,0.876,0.671,0,0
0066,1,2,6.25,6.5,6.75,7,7.25,7.5,7.75,8,10
0066,2,2,4,2.47,0.938,0.421,3.544,2.392,1.338,0.861,0
0067,1,1,7.25,7.5,7.75,8,8.25,8.5,8.75,9,9.5,10,10.5,11,11.5,12
0067,2,1,3.315,2.566,2.528,2.178,3.364,2.955,2.872,2.49,3.151,2.681,2.463,2.701,0.668,1.83
0068,1,1,7,7.25,7.5,7.75,8,8.25,8.5,8.75,9,9.25,9.5,9.75,10,10.5,11,11.5,12,12.5,13
0068,2,1,4,4,3.357,2.488,3.635,3.311,2.594,3.281,2.791,3.475,3.059,3.537,4,3.317,2.926,3.868,4,3.782,3.5
0069,1,1,6.25,6.5,6.75,7,7.25,7.5,7.75,8,8.25,8.5,8.75,9,9.5,10,10.5,11,11.5,12,12.5,13
0069,2,1,4,2.278,3.778,2.723,2.595,2.74,2.49,3.38,3.234,4,3.488,3.459,2.659,1.901,2.505,3.115,3.442,2.836,3.056,3.55
0070,1,2,7.5,7.75,8,8.25,8.5,8.75,9,9.5,10
0070,2,2,4,3.953,2.909,1.147,1.3,1.06,1.854,2.067,0.22
0071,1,2,6.25,6.5,6.75,7,7.25,7.5,7.75,8,8.25,8.5,8.75,9,9.5,10,10.5,11,11.5,12
0071,2,2,2.338,4,3.58,3.422,2.251,2.968,2.261,1.876,3.866,2.721,2.159,1.709,1.113,0.588,1.582,1.551,1.27,0
0072,1,3,6.25,6.5,6.75,7,8.25,8.5,8.75,9,9.5,10,10.5,11,11.5,12
0072,2,3,0.405,0.948,0.849,1.521,1.428,1.941,2.699,2.697,0.875,0,1.429,1.954,0,0
0073,1,3,6.25,6.5,6.75,7,7.25,7.5,7.75,8,8.25,8.5,8.75,9,9.5,10,10.5,11,11.5,12,12.5,13
0073,2,3,2.858,2.994,1.998,2.556,1.78,0.704,2.515,1.485,2.677,1.316,2.499,1.368,1.971,1.921,1.676,1.776,1.48,1.356,1.101,1.33
0074,1,1,6.25,6.5,6.75,7,7.25,7.5,7.75,8,8.25,8.5,8.75,9,9.5,10,10.5,11,11.5,12,12.5,13
0074,2,1,3.067,3.179,3.766,3.895,4,3.33,3.989,3.678,4,4,3.372,3.455,4,3.307,3.914,3.212,3.359,4,2.599,2.66
0075,1,1,6.25,6.5,6.75,7,7.25,7.5,7.75,8,8.25,8.5,8.75,9,9.5,10,10.5,11,11.5,12,12.5,13
0075,2,1,3.871,3.945,4,3.291,4,3.406,2.842,3.169,2.521,2.901,3.227,3.365,2.355,1.778,1.872,2.084,2.378,2.867,1.96,1.5
0076,1,1,6.25,6.5,6.75,7,7.25,7.5,7.75,8,8.25,8.5,8.75,9,9.5,10,10.5,11
0076,2,1,3.164,3.274,3.513,3.049,3.443,2.69,2.707,2.505,3.352,1.753,1.949,2.351,2.701,2.185,0.816,0.86
0077,1,2,6.25,6.5,6.75,7,7.25,7.5,7.75,8,8.25,8.5,8.75,9,9.5,10,10.5
0077,2,2,1.204,1.159,2.278,2.508,2.835,3.164,3.051,2.762,0.335,2.066,0.621,1.321,0.885,1.043,0.83
0078,1,3,7,7.25,7.5,7.75,8,8.25,8.5,8.75,9,9.25,9.5,9.75,10.5,11,11.5,12,12.5,13
0078,2,3,0.706,1.234,0.182,0.403,1.059,2.22,0.745,2.299,1.47,2.256,4,2.34,1.546,1.154,1.349,2.602,2.902,2
0079,1,3,7,7.25,7.5,7.75,8,8.25,8.5,8.75,9,9.25,9.75,10.5,11,11.5,12,12.5,13
0079,2,3,1.311,1.175,1.125,1.002,0,0.616,0.814,2.635,3.15,1.385,1.455,1.298,2.546,0.943,0.545,1.669,0.83
0080,1,1,7,7.25,7.5,7.75,8,8.75,9,9.25,9.5
0080,2,1,2.533,1.273,2.531,1.985,0,4,3.245,0.827,0
0081,1,1,7,7.5,8.25,8.5,8.75,9,9.25,9.5,9.75,10,10.25,10.75,11.5,12,12.5,13
0081,2,1,3.607,2.661,3.548,4,2.948,3.03,2.374,1.668,3.47,1.694,2.032,2.383,2.167,2.119,1.438,1.44
0082,1,1,7,8,8.25,8.5,8.75,9,9.25,9.5,9.75,10,10.25,10.75,11.5,12,12.5,13
0082,2,1,3.372,3.211,1.873,1.518,2.382,2.362,3.445,3.44,3.155,2.675,1.853,0.411,1.889,0,2.545,1
0083,1,1,7,8,8.25,8.5,8.75,9,9.25,9.5,9.75,10,10.25,10.75,11,11.5,12,12.5,13
0083,2,1,3.024,3.011,4,2.988,3.996,3.992,1.468,2.129,2.45,1.609,1.431,0.588,2.241,2.389,1.742,2.775,3.83
0084,1,3,7,7.25,7.5,7.75,8,8.25,8.5,8.75,9,9.25,9.75,10.5,11
0084,2,3,3.182,1.342,1.082,2.143,0.282,1.528,1.065,1.277,0.574,3.295,2.369,0.858,0.53
0085,1,4,8,8.25,8.5,8.75,9,9.25,9.5,9.75,10,10.25,10.75,11,11.5,12,12.5,13
0085,2,4,1.322,1.131,0,0.137,0,1.128,0.76,2.575,1.976,1.893,0.351,2.808,1.505,1.737,1.754,1
0086,1,1,7,8,8.25,9.25,10,10.25,10.5,10.75,11.5,12,12.5,13
0086,2,1,3.546,1.84,2.574,1.78,2.857,3.637,4,2.287,2.782,3.055,3.496,1.83
0087,1,3,7,8,8.25,8.5,8.75,9,9.25,9.5,9.75,10,10.25,10.75,11.5,12,12.5
0087,2,3,0.683,1.45,0,0.645,1.339,0.875,2.189,2.614,1.659,0.801,1.127,1.037,1.535,0.596,0
0088,1,3,7,7.25,7.5,7.75,8,8.25,8.5,9.5,10,10.5,11
0088,2,3,0,0,0,0,0.184,0,0.281,0.216,0.315,0,0
0089,1,3,7.25,7.5,7.75,8,9.5,10,10.5,11
0089,2,3,1.758,1.177,1.935,1.753,0.059,0.219,1.098,0
0090,1,1,6.25,6.5,6.75,7,7.25,7.5,8.25,8.5,8.75,9,9.5,10
0090,2,1,2.655,4,4,4,3.822,4,4,3.65,4,4,3.184,2.33
0091,1,2,6.25,6.5,6.75,7,7.25,8.25,8.5,8.75,9,9.5,10
0091,2,2,2.936,2.118,1.381,0.213,1.026,2.359,1.491,0.813,1.451,0,0
0092,1,2,6.25,6.5,6.75,7,7.25,7.5,7.75,8,8.25,8.5,8.75,9.5,10,10.5,11
0092,2,2,3.569,3.163,1.979,2.151,2.592,2.63,2.507,1.936,2.077,1.129,1.919,1.398,1.865,0.754,1.33
0093,1,4,6.25,6.5,6.75,7,7.25,7.5,7.75,8,8.25,8.5,9.5,10.25,10.5
0093,2,4,2.412,1.545,0.734,2.464,0.306,2.161,2.604,1.009,1.988,1.212,0,1.383,0
0094,1,4,6.25,6.5,6.75,7,7.25,7.5,7.75,8.25,8.5,8.75,9,9.5
0094,2,4,0,0.19,0.86,0.18,1.2,1.002,2.938,0,0.047,0.184,0.115,0
0095,1,3,6.25,6.5,6.75,7,7.25,7.5,7.75,8,8.25,8.5,9.5,10,10.25
0095,2,3,1.764,1.134,2.09,1.458,0.728,0.453,0.675,0.434,0,2.106,0,0.039,1.66
0096,1,3,6.25,6.5,6.75,7,7.25,7.5,7.75,8,8.25,8.5,8.75,9,9.5,10,10.5,12.5,13
0096,2,3,4,1.754,1.028,0.738,1.841,1.569,1.908,0,1.88,2.198,2.161,1.937,1.996,1.763,0,0.994,2
0097,1,2,6.25,6.5,6.75,7,7.25,7.5,7.75,8,8.25,8.5,8.75,9,9.5,10,10.5,11,11.5,12
0097,2,2,2.78,1.722,2.043,1.484,1.343,0.66,2.149,1.292,2.464,1.661,1.278,1.094,1.05,0.203,1.364,0.627,1.384,1
0098,1,4,6.25,6.5,6.75,7,7.25,7.5,7.75,8,8.25,8.5,8.75,9,9.5,10,10.5,11,11.75,12
0098,2,4,2.436,3.431,0.26,0.264,0.138,0.147,1.272,0.497,0,0,0,0.384,0.908,0.211,0.21,0.69,3.125,1.22
0099,1,4,6.25,6.5,6.75,7,8.25,8.5,8.75,9,9.5,10,10.5,11,11.5
0099,2,4,1.5,1.59,1.164,0.858,0.782,0,0,0,0,0.298,0,0,1.13
0100,1,1,6.25,6.5,6.75,7,7.25,7.5,7.75,8,8.25,8.5,8.75,9,9.5,10,10.5,11,11.5,12,12.5,13
0100,2,1,4,4,3.6,2.616,4,4,2.821,3.828,1.99,3.835,3.557,2.683,3.154,3.369,2.788,1.618,3.709,3.541,2.538,3.55
0101,1,2,6.25,6.5,6.75,7,7.25,7.5,7.75,8,8.25,8.5,8.75,9,9.5,10,10.5,11,11.5,12
0101,2,2,1.695,2.232,2.54,1.279,0.768,1.147,1.858,2.551,2.095,1.69,1.991,0.55,0.716,1.276,1.787,0.86,2.051,2
0102,1,1,6.25,6.5,6.75,7,7.25,7.5,7.75,8,8.25,8.5,8.75,9,9.5,10,10.5,11,11.5,12,12.5,13
0102,2,1,0.77,2.24,2.009,2.181,3.316,3.024,2.971,3.649,2.604,1.905,2.797,2.787,1.566,1.771,0.273,1.781,0.359,1.594,1.252,2.33
0103,1,2,6.25,6.5,6.75,10.5,11
0103,2,2,1.131,0.128,0.897,0.265,0
0104,1,4,6.5,6.75,7,7.25,7.5,8.25,8.5,8.75,9,9.5,10,10.5
0104,2,4,1.369,0.888,0.736,0.496,0.545,0,0,0,1.012,0.709,0.764,0.11
0105,1,1,6.25,6.5,6.75,7,7.25,7.5,7.75,8,8.25,8.5,8.75,9,9.5,10,10.5,11,11.5,12,12.5,13
0105,2,1,3.483,2.042,2.286,1.72,2.907,3.418,3.251,2.918,3.287,2.587,1.294,1.699,2.608,2.951,1.702,2.818,2.293,2.108,1.353,1.16
0106,1,1,6.25,6.5,6.75,7,7.25,7.5,7.75,8,8.25,8.5,8.75,9,9.5,10,10.5,11,11.5,12,12.5,13
0106,2,1,2.113,2.263,3.503,4,3.203,1.803,1.187,1.357,3.125,3.123,2.925,3.064,2.959,1.603,0.914,0.908,1.435,0.507,0,0
0107,1,1,6.25,6.5,6.75,7,7.25,7.5,7.75,8,8.25,8.5,8.75,9,9.5,10,10.5,11,11.5,12
0107,2,1,3.716,3.917,3.207,3.298,1.819,2.494,3.348,2.706,2.387,3.763,3.028,3.108,2.637,4,3.568,2.705,2.812,3.83
0108,1,1,6.25,6.5,6.75,7,7.25,7.5,7.75,8,8.25,8.5,8.75,9,9.5,10,10.5,11,11.5,12,12.5,13
0108,2,1,4,4,3.765,1.965,4,3.322,4,4,4,4,4,3.701,2.997,3.548,3.184,3.776,3.182,3.478,4,4
0109,1,1,7,7.25,7.5,7.75,8,8.25,8.5,8.75,9,9.25,9.5,9.75,10,10.5,11,11.5,12,12.5,13
0109,2,1,2.581,2.38,1.858,2.762,3.464,3.267,2.699,3.706,3.061,3.064,2.966,1.788,2.201,1.951,1.695,2.017,1.871,1.547,3.06
0110,1,1,7,7.25,7.5,7.75,8,8.25,8.5,8.75,9,9.25,9.5,9.75,10,10.5,11,11.5,12,12.5,13
0110,2,1,2.213,3.633,2.072,2.057,1.684,4,3.918,3.458,3.954,1.916,2.219,1.735,0.84,0.681,1.992,1.615,1.501,2.207,1
0111,1,1,7,7.25,7.5,7.75,8,8.25,8.5,8.75,9,9.25,9.75,10.5,11,11.5,12,12.5,13
0111,2,1,0.861,2.044,1.494,1.966,1.117,3.058,1.084,2.794,2.096,0.575,0.388,1.101,1.418,1.813,0.384,2.851,2.52
0112,1,3,7,7.25,7.5,8,8.25,8.5,8.75,9,9.25,9.75,10.5,11,11.5,12,12.5,13
0112,2,3,0.968,0.283,1.814,0.304,2.347,1.121,0.933,2.096,1.07,1.275,0.885,2.799,1.925,1.276,1.293,1.44
0113,1,3,6.25,6.5,6.75,7,7.25,7.5,7.75,8,8.25,8.5,8.75,9,9.5,10,10.5,11,11.5,12,12.5,13
0113,2,3,0.773,1.457,0.417,0,0.761,0.685,0.001,0.98,3.541,3.039,0.537,0.174,0.648,1.404,1.331,0.51,0.069,0,1.788,1.22
0114,1,4,7,7.25,7.5,7.75,8,8.25,9.25,9.5,9.75,10,10.5
0114,2,4,1.025,2.585,0,0.287,1.025,0.232,1.332,0.218,0.841,0.063,0
0115,1,1,7.25,7.5,7.75,8,8.25,8.5,8.75,9,9.5,10,10.5,11,11.5,12
0115,2,1,2.443,1.427,2.444,1.91,2.622,2.201,2.683,2.853,1.228,1.581,1.389,0.738,1.203,0.75
0116,1,1,7,7.25,7.5,7.75,8,8.25,8.5,8.75,9,9.25,9.5,9.75,10,10.5,11,11.5,12,12.5,13
0116,2,1,1.403,2.37,3.004,2.978,2.398,3.932,4,4,3.557,4,3.823,2.319,3.941,1.932,1.676,2.148,2.84,2.676,2.08
0117,1,3,7,8,8.25,8.5,8.75,9,9.25,9.75,12.5
0117,2,3,0.979,0.43,0.238,1.696,1.888,0.595,2.486,0.039,1.22
0118,1,1,7,7.25,7.5,7.75,8,8.25,8.5,8.75,9,9.25,9.5,9.75,10,10.5,11,11.5,12,12.5,13
0118,2,1,2.439,3.512,3.16,3.227,3.445,4,3.08,3.263,2.643,3.779,3.233,1.843,2.246,2.795,2.42,1.771,2.088,2.218,1.44
0119,1,2,7,8,8.25,8.5,8.75,9,9.5,10.5,11.5,12
0119,2,2,2.267,2.927,2.447,2.493,2.833,1.925,0.657,1.748,1.671,2.66
0120,1,2,7,8,8.25,8.5,8.75,9,9.25,9.5,9.75
0120,2,2,0.255,3.329,2.535,0.694,0.624,0.967,0,0,1.11
0121,1,1,7,7.25,7.5,7.75,8,8.25,8.5,8.75,9,9.25,9.5,9.75,10
0121,2,1,3.167,1.549,2.015,2.74,1.925,2.976,3.19,2.27,1.923,2.132,1.945,2.353,2.66
0122,1,1,7,7.5,8,9.25,9.5,9.75,10,10.25,10.5
0122,2,1,0.67,3.673,3.342,0.972,0.145,1.563,1.98,3.525,1.5
0123,1,1,7.25,7.5,7.75,8,8.25,8.5,9.5,10,10.5,11
0123,2,1,3.758,3.275,2.236,3.13,2.34,3.811,0.513,0.39,1.626,1.5
0124,1,1,6.25,6.5,6.75,7,7.25,7.5,8.25,8.5,9.5,10,10.5
0124,2,1,3.801,3.39,2.261,2.217,2.257,1.079,1.121,2.471,0,0.841,1.28
0125,1,3,6.25,6.5,6.75,7,7.25,7.5,7.75,8,8.25,8.5,9,9.5,10,10.5,11
0125,2,3,2.781,2.944,3.568,2.519,2.456,1.702,0.368,0.742,2.705,1.443,3.378,0.7,0,0.299,0
0126,1,1,6.25,6.5,6.75,7,7.25,7.5,7.75,8,8.25,8.5,9.5,10,10.5,11
0126,2,1,3.089,2.565,3.959,2.71,1.727,2.465,1.676,1.756,1.805,2.004,1.764,1.879,2.761,1.93
0127,1,1,6.25,6.5,6.75,7,7.25,7.5,7.75,8,8.25,8.5,9,9.5,10,10.5,11
0127,2,1,3.178,2.557,2.968,3.298,4,2.716,2.477,1.584,1.582,0.864,3.634,1.675,1.789,0.998,0
0128,1,2,6.25,6.5,6.75,7,7.25,7.5,7.75,8,8.25,8.5,9,9.5,10,10.5,11
0128,2,2,2.557,2.821,2.264,2.151,2.668,2.414,1.435,2.238,2.347,1.993,0.672,1.16,0.27,2.296,2.44
0129,1,2,6.25,6.5,6.75,7,7.25,7.5,7.75,8,8.25,8.5,8.75,9,9.5,10,10.25,10.5,11
0129,2,2,1.214,0.493,1.146,2.354,2.974,2.177,0.958,0.867,2.289,1.129,0.55,0.465,1.517,0.213,2.101,0,0
0130,1,4,6.25,6.5,6.75,7,7.25,7.5,7.75,8,8.25,8.5,9.5,10,10.75,11
0130,2,4,1.876,0.798,0.75,1.979,0,1.994,1.405,1.217,0.223,0,2.086,0.114,2.945,1.22
0131,1,4,7.25,7.5,7.75,8.25,10.5,11
0131,2,4,0.892,1.074,0,1.066,0,0
0132,1,1,6.25,6.5,6.75,7,7.25,7.5,7.75,8,8.25,8.5,9,9.5,10,10.5,11,11.5
0132,2,1,2.256,1.874,1.033,2.173,3.211,3.057,2.353,0.956,2.862,0.561,2.862,1.744,0.828,0.666,1.089,0
0133,1,2,6.25,6.5,7.25,7.5,8,8.25,8.5,8.75,9,10.5
0133,2,2,1.994,0.66,2.842,0.198,2.766,2.843,2.744,2.35,0,0.33
0134,1,1,6.25,6.5,6.75,7,7.25,7.5,7.75,8,8.25,8.5,8.75,9,9.5,10,10.5,11,11.5,12
0134,2,1,2.836,2.464,2.905,2.894,2.79,2.722,2.92,3.848,2.44,2.302,2.353,2.394,2.759,0,2.017,0.53,2.114,2.73
0135,1,4,6.25,6.5,6.75,7,7.25,7.5,7.75,8,8.25,8.5,8.75,9,9.5,10,10.5
0135,2,4,2.383,0.336,0.833,2.212,1.464,0,0.965,0.671,0.806,0.83,0,0.009,0,0,0
0136,1,1,6.25,6.5,6.75,7,7.25,7.5,7.75,8,8.25,8.5,8.75,9,9.5,10,10.5,11,11.5,12,12.5,13
0136,2,1,2.212,1.601,2.079,1.99,4,4,3.93,4,2.22,3.428,2.847,2.564,1.143,2.112,0.816,1.615,0,0.374,1.492,2.08
0137,1,3,6.25,6.5,6.75,7,8.25,8.5,8.75,9,9.5,10
0137,2,3,3.105,2.747,2.335,1.504,0.906,0.327,1.687,3.349,0,0
0138,1,3,6.25,6.5,6.75,7,7.25,7.5,8.25,8.5,8.75,9,9.5,10,10.5,11.25,11.5,12,12.25,12.5,12.75,13
0138,2,3,2.24,2.572,1.761,0.239,0,0.242,0.634,0,2.715,3.221,1.303,1.975,3.471,3.404,0.847,0.143,2.36,2.459,3.682,2
0139,1,1,6.25,6.5,6.75,7,7.25,7.5,7.75,8,8.25,8.5,8.75,9,9.5,10,10.5,11,11.5,12,12.5,13
0139,2,1,0.972,1.781,2.428,2.149,2.234,2.527,2.771,3.37,2.96,2.342,2.748,2.113,2.69,2.518,2.983,1.719,1.317,2.105,1.444,2.44
0140,1,2,6.25,6.5,6.75,7,7.25,7.5,7.75,8,8.25,8.5,8.75,9,9.5,10.5,11,11.5,12,12.5,13
0140,2,2,2.904,1.552,3.043,1.065,2.222,2.047,1.715,1.648,2.181,2.031,1.033,1.241,2.953,1.676,1.666,1.061,0,1.893,2
0141,1,1,6.25,6.5,6.75,7,7.25,7.5,7.75,8,8.25,8.5,8.75,9,9.5,10,10.5,11,11.5,12,12.5,13
0141,2,1,2.349,2.761,3.115,2.552,2.477,3.017,2.953,2.461,2.844,2.374,2.66,2.982,2.056,2.482,3.083,2.847,3.364,2.956,2.477,2.08
0142,1,2,7,7.25,7.5,7.75,8,8.25,8.5,8.75,9,9.25,9.5,9.75,10.5,11,11.5,12,12.5,13
0142,2,2,2.725,1.573,0.854,2.101,1.49,2.085,2.497,1.654,1.228,1.594,0.494,2.134,1.385,1.235,0,0,2.084,1.83
0143,1,1,6.25,6.5,6.75,7,7.25,7.5,7.75,8,9.5,10,10.5,11,11.25,11.5,11.75,12,12.5,13
0143,2,1,2.783,0,1.035,1.002,2.385,3.057,0.651,2.629,2.198,2.082,1.667,0,3.772,2.238,3.685,2.154,2.581,0.88
0144,1,1,6.25,6.5,6.75,7,7.25,7.5,7.75,8,8.25,8.5,8.75,9,9.5,10,10.5,11
0144,2,1,2.039,2.756,1.804,2.531,3.895,3.743,3.744,3.531,3.141,2.058,1.851,3.198,1.28,1.931,0.619,0.91
0145,1,2,6.25,6.5,6.75,7,7.25,7.5,7.75,8,8.25,8.5,8.75,9,9.5,10,10.5,11,11.5,12,12.5,13
0145,2,2,3.102,2.174,2.495,2.143,1.724,2.084,2.018,0,2.48,1.468,2.23,1.385,2.21,2.526,0.981,0.929,1.455,1.128,1.572,1.73
0146,1,3,6.25,6.5,6.75,7,7.25,7.5,7.75,8,8.25,8.5,9.25,9.5,9.75,10
0146,2,3,0.791,0.83,1.386,0.152,1.438,0,0,0,1.356,0.737,3.316,2.366,2.193,1.16
0147,1,3,6.25,6.5,6.75,7,7.5,8,8.25,8.5,8.75,9,9.5,10,10.5,11,11.5,12,12.5,13
0147,2,3,1.878,1.492,0.717,1.782,0.16,1.742,0.714,1.647,2.814,1.295,0.639,0.224,0.576,0.269,0,0.179,0.661,0
0148,1,3,6.25,6.5,6.75,7,7.25,7.5,7.75,8,8.25,8.5,8.75,9,9.5,10,10.5,11,11.5,12,12.5,13
0148,2,3,3.341,2.601,1.488,2.027,0.836,1.944,2.695,2.144,1.892,1.882,2.262,2.054,2.499,2.096,2.293,0.361,0.664,2.053,2.576,1.66
0149,1,3,6.25,6.5,6.75,7,7.25,7.5,7.75,8,8.25,8.5,8.75,9,9.5
0149,2,3,0,0.235,0,1.02,0.698,0.08,0.514,0.834,0.663,0.369,0.199,1.628,0.55
0150,1,4,6.25,6.5,6.75,7,7.25,7.5,7.75,8,8.25,8.5,8.75,9,9.75,10,10.5,11,12
0150,2,4,1.502,1.395,0,0.187,0.957,0,1.211,0.482,0.792,0,0.496,1.113,0.624,0,1.168,0.079,0
0151,1,1,7,7.25,7.5,7.75,8,8.25,8.5,8.75,9,9.25,9.5,9.75,10.5,11,11.5,12,12.5,13
0151,2,1,2.451,1.75,0.032,2.915,1.906,3.494,3.163,2.76,3.848,2.909,2.4,2.071,2.71,2.359,2.314,3.133,3.374,2.58
0152,1,2,7,7.25,7.5,7.75,8,8.25,8.5,8.75,9,9.25,9.5,9.75,10,10.5,11,11.5,12,12.5,13
0152,2,2,3.691,1.426,1.215,1.042,1.139,1.4,1.46,1.472,0.823,1.869,1.251,1.664,0,1.68,1.06,1.169,1.621,2.57,3.22
0153,1,3,7,7.25,7.5,7.75,8,8.25,10,10.5,11
0153,2,3,0.262,0,0.388,0,0,0,0,0.661,0
0154,1,2,7,7.25,7.5,7.75,8,8.25,8.5,8.75,9,9.25,9.5,9.75,10,10.5,11
0154,2,2,1.828,0,1.187,0.545,1.503,1.367,0.579,1.26,0.974,1.849,1.653,0,0.417,2.703,2.66
0155,1,1,7,7.25,7.5,7.75,8,8.25,8.5,8.75,9,9.25,9.75,10.5,11,11.5,12,12.5,13
0155,2,1,0.711,0.431,0.411,1.622,2.037,2.422,2.731,2.223,2.491,1.25,0.674,0.816,0.122,2.949,2.519,3.01,2.66
0156,1,3,7,7.25,7.5,7.75,8,8.75,9,9.5,10
0156,2,3,0.115,0,0.527,0,0,3.259,0.987,1.423,0
0157,1,1,7,7.25,7.5,7.75,8,8.25,8.5,8.75,9,9.25,9.5,9.75,11,11.5,12,12.5,13
0157,2,1,2.276,2.998,2.325,2.306,1.526,3.81,2.227,3.254,4,1.101,1.25,1.411,0.084,1.242,0.211,2.12,3.16
0158,1,4,8,8.25,8.5,8.75,9,9.25,9.5,9.75,10
0158,2,4,1.162,0.603,0,1.144,0,0,0,0.194,0
0159,1,1,7,8,8.25,8.5,8.75,9,9.25,9.5,9.75,10,10.25,10.5,10.75,11,11.5,12,12.5,13
0159,2,1,3.711,3.86,4,2.75,3.623,3.264,1.961,3.295,2.067,1.439,2.322,1.94,1.462,2.8,0,1.309,4,2.66
0160,1,1,7,8,8.25,8.5,8.75,9,9.25,9.5,9.75,10,10.25,10.5,10.75,11.5,12,12.5,13
0160,2,1,3.725,2.407,1.263,2.793,2.649,3.136,2.341,3.014,2.242,2.609,3.052,2.759,3.091,2.319,2.553,2.47,2.66
0161,1,1,7,8,8.25,8.5,8.75,9,9.25,9.5,9.75,10,10.25,10.75,11.5,12,12.5,13
0161,2,1,2.112,1.953,4,3.396,3.483,2.958,0.878,1.657,0.504,0.6,3.566,1.807,1.594,1.691,2.088,2.11
0162,1,4,7,8,8.25,8.5,8.75,9,9.25,9.5,9.75,10
0162,2,4,0.131,0,0.859,0.129,0.068,0,1.882,1.354,1.75,3.33
0163,1,2,7,7.25,7.5,7.75,8,8.25,8.5,8.75,9,9.25,9.75
0163,2,2,2.96,1.403,1.881,1.126,0.553,3.414,2.1,2.111,1.593,0.698,0.25
0164,1,1,7,8,8.25,8.5,8.75,9,9.25,9.5,9.75,10,10.25,10.75,11.5,12,12.5,13
0164,2,1,3.327,2.556,3.361,3.202,3.295,3.262,2.857,3.134,2.978,4,3.566,2.984,2.487,3.693,3.038,3.5
0165,1,3,7,7.5,8.25,8.5,8.75,9,9.25,9.5,9.75,10,12.5,13
0165,2,3,0.949,0.485,0.433,0,1.418,0.11,0.606,0.131,0,0.345,3.243,3.5
0166,1,2,7.25,7.5,7.75,8,8.25,8.5,8.75,9,9.25,9.5,9.75,10,10.5,11,11.5,12,12.5,13
0166,2,2,4,2.961,3.584,3.585,2.896,2.471,2.464,2.254,2.566,2.147,1.293,2.496,1.248,0.015,0.381,0.213,3.322,3.16
0167,1,3,6.25,6.5,6.75,7,7.25,7.5,7.75,8,8.25,8.5,9,9.5
0167,2,3,1.721,2.494,1.241,0.174,0.126,0.492,2.618,1.451,1.629,1.16,3.119,1.88
0168,1,1,6.25,6.5,6.75,7,7.25,7.5,7.75,8,8.25,8.5,8.75,9,9.5,10
0168,2,1,1.802,1.861,1.448,2.681,3.349,2.254,3.152,2.696,2.841,0.482,1.401,2.71,1.681,1.2
0169,1,1,6.25,7.25,7.5,7.75,8,8.25,8.5,8.75,9,9.5,10,10.5,11,11.5,12,12.5,13
0169,2,1,4,2.525,2.597,1.76,2.383,3.206,3.747,1.4,2.174,3.126,2.052,2.817,0.881,1.413,2.57,3.745,2.33
0170,1,1,6.25,6.5,6.75,7,7.25,7.5,7.75,8,8.25,8.5,8.75,9,9.5,10,10.5,11,11.5,12,12.5,13
0170,2,1,1.771,2.972,1.537,0.042,0,1.282,2.028,0,2.785,3.073,3.057,4,1.678,2.481,1.222,0.081,0,0.073,1.105,1.91
0171,1,1,6.25,6.5,6.75,7,7.25,7.5,7.75,8,8.25,8.5,8.75,9,9.5,10,10.5,11,11.25,11.5,11.75,12,12.25,12.5,12.75
0171,2,1,1.088,0.206,0,0.269,0,0,0.076,1.055,3.11,3.018,3.213,3.146,2.773,2.705,4,3.485,3.983,3.125,1.293,3.897,1.657,3.27,4
0172,1,1,6.25,6.5,6.75,7,7.25,7.5,7.75,8,8.25,8.5,8.75,9,9.5,10,10.5,11,11.5,12,12.5,13
0172,2,1,4,3.585,2.543,2.287,3.152,2.707,3.398,4,2.986,3.283,3.353,4,2.406,2.461,2.223,2.053,1.591,3.136,2.614,2.5
0173,1,1,6.25,6.5,6.75,7,7.25,7.5,7.75,8,8.25,8.5,8.75,9,9.5,10,10.5,11,11.5,12,12.5,13
0173,2,1,1.803,2.107,2.415,1.946,3.692,3.698,2.407,2.814,4,1.953,2.231,2.843,1.808,1.894,1.608,1.587,1.45,1.175,3.228,2.44
0174,1,1,6.25,6.5,6.75,7,7.25,7.5,7.75,8,8.25,8.5,8.75,9,9.5,10,10.5,11,11.5,12,12.5,13
0174,2,1,3.018,2.19,1.911,2.853,2.959,3.188,2.404,4,3.228,3.666,3.202,3.607,2.396,2.136,1.877,1.627,2.136,2.344,1.777,2.44
0175,1,1,6.25,6.5,6.75,7,7.25,7.5,7.75,8,8.25,8.5,8.75,9,9.5,10,10.5,11,11.5,12,12.5,13
0175,2,1,3.684,3.343,3.767,3.672,0.742,1.909,2.683,4,2.256,3.276,3.727,3.759,1.173,3.449,1.265,0.576,1.178,0.615,1.741,2.93
0176,1,2,6.25,6.5,6.75,7,8.25,8.5,8.75,9,9.5,10,10.5
0176,2,2,1.72,0.687,0.008,0,2.958,0.791,0.453,1.816,0.921,1.935,0.93
0177,1,3,6.25,6.5,6.75,7,7.25,7.5,7.75,8,8.5,8.75,9,9.5
0177,2,3,1.616,1.214,1.832,1.621,2.632,0.659,0.478,0,0.084,1.352,4,0
0178,1,4,6.25,6.5,6.75,7,7.25,7.5,7.75,8,8.25,8.5,8.75,9,9.5,10,10.5,11,11.5
0178,2,4,3.431,2.591,3.101,1.749,1.353,0,0,0,1.063,0.979,0,1.186,0,0.282,0.164,0,0
0179,1,1,6.25,6.5,6.75,7,7.25,7.5,7.75,8,8.25,8.5,8.75,9,9.5,10,10.5,11,11.5,12,12.5,13
0179,2,1,4,3.736,3.322,3.75,4,3.334,3.544,3.488,3.153,3.035,4,4,4,2.86,3.673,2.843,2.18,2.183,3.681,3.33
0180,1,3,6.25,6.5,6.75,7,7.25,7.5,7.75,8,8.25,8.5,8.75,9,9.5,10,10.5,11,11.5,12,12.5,13
0180,2,3,2.378,2.627,2.151,3.056,1.422,0.988,2.328,1.864,0.488,2.072,2.247,3.21,2.726,1.45,0.644,0,0.5,0,2.518,1.83
0181,1,2,7,7.25,7.5,7.75,8,8.25,8.5,8.75,9,9.25,9.5,9.75,10.5,11,11.5
0181,2,2,0.923,0.814,1.853,1.235,1.729,1.896,2.183,1.611,0.431,0.051,0.259,1.597,2.686,0.993,1.06
0182,1,3,7,7.25,7.5,7.75,8,8.25,8.5,8.75,9,9.25,9.5,9.75,10
0182,2,3,3.161,2.809,1.039,2.028,1.626,1.988,1.942,1.783,2.568,3.778,2.502,1.511,2.83
0183,1,1,6.25,6.5,6.75,7,7.25,7.5,7.75,8,8.25,8.5,8.75,9,11,11.5,12,12.5,13
0183,2,1,2.209,1.446,3.39,2.702,2.04,2.531,1.932,2.843,2.295,2.6,1.643,3.364,2.583,1.439,0.889,0.724,1.5
0184,1,1,6.25,6.5,6.75,7,7.25,7.5,7.75,8,8.25,8.5,8.75,9,9.5,10,10.5,11,11.5,12,12.5,13
0184,2,1,4,2.201,3.953,2.862,3.372,2.025,2.298,3.007,2.174,2.532,3.482,3.545,3.863,2.684,2.769,2.494,2.071,1.706,2.667,1.77
0185,1,3,6.25,6.5,6.75,7,7.25,7.5,7.75,8,8.25,8.5,8.75,9,9.5,10,10.5,11,11.5,12,12.5,13
0185,2,3,1.606,0.783,1.341,2.456,0.912,1.745,2.081,1.304,1.506,1.88,1.242,2.416,3.146,2.05,1.459,1.807,0.88,1.385,1.207,1.11
0186,1,1,6.25,6.5,6.75,7,7.25,7.5,7.75,8,8.25,8.5,8.75,9,9.5,10,10.5,11
0186,2,1,2.523,3.029,3.438,3.888,3.065,4,3.05,1.779,2.944,2.963,2.966,3.948,2.856,3.454,2.946,2.73
0187,1,1,7,7.25,7.5,7.75,8,8.25,9.25,9.75,10.5,11,11.5,12,12.5,13
0187,2,1,3.072,3.286,2.992,4,4,2.465,3.206,1.886,1.81,2.583,2.414,2.311,2.644,1.66
0188,1,2,7,7.25,7.5,7.75,8,8.25,8.5,8.75,9,9.25,9.75,10.5,11,11.5,12,12.5,13
0188,2,2,1.107,1.792,2.095,1.502,1.203,1.361,1.297,1.212,2.146,2.74,2.021,1.088,2.682,2.019,2.647,1.838,0.5
0189,1,1,7,8,8.25,8.5,8.75,9,9.25,9.5,9.75,10,10.25,10.75,11.5,12,12.5,13
0189,2,1,1.839,0.722,2.623,1.741,2.796,2.994,3.949,3.859,3.151,2.815,2.736,3.306,2.032,1.356,2.395,2.19
0190,1,1,7,7.25,7.5,7.75,8,8.25,8.5,8.75,9,9.25,9.75,10.5,11,11.5,12,12.5,13
0190,2,1,3.429,2.548,2.813,2.107,2.193,2.488,2.06,2.157,2.97,1.272,1.609,2.415,1.919,2.036,3.001,1.153,2
0191,1,3,7.25,7.5,7.75,8,8.25,8.5,8.75,9,11.75,12,12.25,12.5,12.75,13
0191,2,3,0,0.438,0.803,0.216,1.578,0.261,0.082,0.205,2.979,0.685,0.593,1.815,0.015,0
0192,1,1,7,8,8.25,8.5,8.75,9,9.25,9.5,9.75,10,10.25,10.5,10.75,11,11.5,12,12.5,13
0192,2,1,4,2.887,4,4,3.539,3.533,3.825,4,3.936,3.172,4,3.574,3.492,3.841,3.427,4,4,3.88
0193,1,4,7,7.25,7.5,7.75,8,8.75,9,9.25,9.5,9.75,10,10.25,10.5,10.75,11,11.5,12,12.5,13
0193,2,4,1.104,1.091,0.095,0,0,1.459,0.054,0.769,0,0.988,0,1.553,1.053,1.33,0.708,2.92,1.257,2.24,2.33
0194,1,1,7,7.25,7.5,7.75,8,8.25,8.5,8.75,9,9.25,9.75,10.5,11,11.5,12,12.5,13
0194,2,1,1.634,0.881,0.361,1.527,0.282,3.873,2.002,1.617,2.847,0,0,1.205,1.323,1.445,0,1.159,3.44
0195,1,1,7,8,8.25,8.5,8.75,9,9.25,9.5,9.75,10,10.25,10.75,11,11.5,12,12.5,13
0195,2,1,2.908,2.314,3.405,3.251,3.204,4,3.058,3.454,4,2.771,3.306,3.568,3.426,2.699,2.712,3.106,3.16
0196,1,4,7,7.25,7.5,7.75,8,8.25,8.5,8.75,9,9.25,9.75,10.5,11,12.5,13
0196,2,4,0.771,0,0.158,0.394,0,0,0.163,0,0.709,0.231,0.671,0,0.931,2.385,3.5
0197,1,1,7,8,8.25,8.5,8.75,9,9.75,10,10.25,10.75,11.5,12,12.5,13
0197,2,1,4,4,3.669,3.576,3.829,4,3.682,3.425,2.517,1.261,2.515,2.812,2.187,1.66
0198,1,1,7,8,8.25,8.5,8.75,9,9.25,9.5,9.75,10,10.25,10.75,11.5,12,12.5,13
0198,2,1,0.462,0,2.596,2.97,3.178,2.346,1.081,0.188,2.336,1.683,0.063,0.318,1.388,0.902,0.71,1.44
0199,1,4,7,8,8.25,8.5,8.75,9,9.25,9.5,10.25,10.5,10.75,11.5,12
0199,2,4,1.062,0,1.697,0.131,0.293,0.701,1.228,0.089,0.283,0,0.287,0,0.22
0200,1,1,7,7.25,7.5,7.75,8,8.25,8.5,8.75,9,9.25,9.75,10.5,11,11.5,12,12.5,13
0200,2,1,2.536,3.801,2.533,3.284,2.73,1.958,2.849,3.22,2.401,2.925,3.088,1.891,1.972,1.557,2,1.804,1.66
0201,1,3,7,7.5,8.25,8.5,8.75,9,9.25,9.5,9.75,10,10.25,10.5,10.75,11
0201,2,3,1.614,0,1.437,1.372,1.61,1.953,0.384,0,0.939,0.852,0.197,0.918,0,0
0202,1,1,6.25,6.5,6.75,7,7.25,7.5,7.75,8,8.25,8.5,9.5,10,10.5,11
0202,2,1,2.982,3.725,4,3.083,2.892,4,3.971,4,2.989,3.925,1.825,3.024,2.317,2.8
0203,1,1,6.25,6.5,6.75,7,7.25,7.5,8.25,8.5,8.75,9,9.5,10
0203,2,1,1.389,3.889,3.215,3.379,3.6,2.694,2.791,2.845,1.938,2.777,1.017,1.41
0204,1,2,6.25,6.5,6.75,7,7.25,7.5,7.75,8,9.5,10,10.5,11
0204,2,2,3.988,3.856,3.645,2.502,2.302,3.183,2.809,0.353,3.708,2.19,2.865,2.75
0205,1,1,6.25,6.5,6.75,7,7.25,7.5,7.75,8,8.25,8.5,9.5,10,10.5,11
0205,2,1,3.984,4,3.521,3.51,3.49,4,4,4,4,4,2.603,3.454,3.209,3.4
0206,1,1,6.25,6.5,6.75,7,7.25,7.5,7.75,8,8.25,8.5,9.5,10,10.5,11
0206,2,1,3.854,3.925,3.153,3.79,3.713,2.934,3.326,4,3.791,4,3.06,3.678,3.345,3.27
0207,1,4,6.25,6.5,6.75,7,7.25,7.5,7.75,8,10.5
0207,2,4,1.023,0.355,1.83,0.191,2.017,0.603,0.363,0.505,0
0208,1,1,6.25,6.5,6.75,7,7.25,7.5,7.75,8,8.25,8.5,8.75,9,9.5,10,10.5,11,11.5,12
0208,2,1,4,4,3.527,2.454,3.591,3.515,4,3.623,3.952,4,4,4,2.57,3.039,3.073,3.29,2.955,3.33
0209,1,1,6.25,6.5,6.75,7,7.25,7.5,9.5,10,10.5,11
0209,2,1,1.944,2.287,2.248,1.653,1.227,2.051,3.458,4,3.76,3.33
0210,1,2,6.25,6.5,6.75,7,7.25,7.5,7.75,8,8.25,8.5,8.75,9,9.5,10,10.5,11,11.25,11.5,11.75,12
0210,2,2,1.06,1.858,1.393,0.665,0.806,0.991,2.735,1.916,1.511,1.417,0.346,1.327,0.254,0.424,0,0.159,2.139,0.914,3.887,0
0211,1,2,7,8,8.25,8.5,8.75,9,9.25,9.5,9.75,10,10.25,10.75,11.5,12,12.5,13
0211,2,2,3.423,1.406,1.159,0.698,1.921,1.338,2.046,0.635,1.486,2.179,1.97,0.961,1.914,1.674,2.899,2.11
0212,1,2,7.25,7.5,7.75,8,9,9.5,10
0212,2,2,2.744,3.89,3.46,2.87,1.018,0,0
0213,1,1,6.25,6.5,7.25,7.5,7.75,8,8.25,8.5,8.75,9,9.5,10,10.5,11,11.5,12,12.5,13
0213,2,1,1.46,3.343,2.664,2.728,2.008,2.91,3.28,2.898,2.916,3.38,2.246,2.61,2.699,1.711,2.261,2.207,2.049,3.66
0214,1,1,6.25,6.5,6.75,7,7.25,7.5,7.75,8,8.25,8.5,8.75,9,9.5,10,10.5,11,11.5,12,12.5,13
0214,2,1,3.216,2.35,3.089,2.894,4,2.692,2.634,3.228,3.389,2.41,3.358,3.082,2.423,3.009,1.002,1.777,1.28,1.561,1.025,2.16
0215,1,2,6.25,6.5,6.75,7,7.25,7.5,7.75,8,8.25,8.5,8.75,9,9.5,10,10.5,11,11.5,12
0215,2,2,3.097,3.387,3.031,1.076,0.082,1.267,1.992,1.673,1.958,0.797,2.783,0.8,3.304,2.926,2.66,2.092,1.771,0
0216,1,1,7.25,7.5,7.75,8,8.25,8.5,8.75,9,9.25,9.75,10.5,11
0216,2,1,3.409,2.65,1.568,1.615,0.673,2.588,3.595,0.155,1.203,0,0,0
0217,1,3,7,7.5,8,8.25,8.5,8.75,9,9.25,9.5,9.75,10,12.5
0217,2,3,0.32,0.04,1.838,0.037,0.113,0.463,0.337,0.328,0.048,0,0,0
0218,1,3,7,7.25,7.5,7.75,8,8.25,8.5,8.75,9,9.25,9.75,10.5,11
0218,2,3,1.307,1.661,1.631,1.057,1.186,2.811,2.154,2.353,2.455,0.595,0.94,0.891,0
0219,1,3,6.25,6.5,6.75,7,7.25,7.5,7.75,8,8.25,8.5,8.75,9,9.5,10,10.5,11,11.5,12,12.5,13
0219,2,3,1.604,0.278,0.001,0,0.261,1.31,0.338,0.25,0.375,2.498,1.716,2.479,2.43,0.781,1.635,0.956,1.099,0.364,1.501,1
0220,1,1,7,8,8.25,8.5,8.75,9,9.25,9.5,9.75,10
0220,2,1,1.22,0.304,2.177,1.275,2.001,2.978,1.111,0.376,0.871,0
0221,1,4,6.25,6.5,6.75,7,8.25,8.5,8.75,9,9.5
0221,2,4,1.736,0,1.232,1.035,1.642,0.735,0.09,0.174,0
0222,1,1,7,8,8.25,8.5,8.75,9,9.25,9.5,9.75,10,10.25,10.75,11.5,12,12.5,13
0222,2,1,2.413,3.418,2.114,2.901,2.715,3.216,1.225,2.442,2.746,2.023,1.29,1.486,2.305,2,3.325,3
0223,1,2,7,7.25,7.5,7.75,8,8.25,8.5,8.75,9,9.25,9.5,9.75,10,10.5,11,11.5,12.5
0223,2,2,1.01,1.17,2.567,1.861,1.193,1.655,1.976,2.453,1.447,0.567,2.059,1.18,1.655,1.173,1.044,2.03,0.66
0224,1,1,7.25,7.5,7.75,8,9.5,12.25,12.5,12.75,13
0224,2,1,4,3.273,3.312,2.636,0.748,1.253,2.545,3.634,2
0225,1,2,7,7.25,7.5,7.75,8,8.25,8.5,8.75,9,9.25,9.5,9.75
0225,2,2,1.227,1.616,0.506,1.312,1.917,1.285,1.525,0,0.765,0.135,0,0
0226,1,4,7,7.25,7.5,7.75,8,9.25,9.5
0226,2,4,0.61,0.134,0.359,0,0.711,0.337,0
0227,1,1,7,8,8.25,8.5,8.75,9,9.25,9.5,9.75,10,10.25,10.5,10.75,11.5,12,12.5,13
0227,2,1,4,3.472,3.82,3.089,4,3.595,4,3.659,4,3.002,3.603,3.809,3.062,2.923,4,3.753,3.55
0228,1,1,7,8,8.25,8.5,8.75,9,9.25,9.5,9.75,10,11.5,12,12.5,13
0228,2,1,2.159,4,2.128,3.6,4,4,3.727,2.669,1.423,0.705,4,2.411,3.681,3
0229,1,4,8,8.25,8.5,8.75,9,9.25
0229,2,4,0.518,0,1.634,0.544,0,0.66
0230,1,1,7,8,8.25,8.5,8.75,9,9.25,9.5,9.75,10,10.25,10.5,10.75,11.5,12,12.5,13
0230,2,1,3.195,2.408,2.861,2.514,1.449,2.793,2.415,0.927,1.296,2.625,1.64,0,1.827,3.018,1.835,2.303,1.5
0231,1,1,7,8,8.25,8.5,8.75,9,9.25,9.5,9.75,10,10.25,10.5,10.75,11,11.5,12.5
0231,2,1,2.63,3.282,4,4,3.53,3.174,3.713,2.836,2.097,1.597,1.104,0.069,1.602,2.842,1.882,2.66
0232,1,4,7,8,8.25,8.5,8.75,9,9.25,9.5,9.75,10,10.25,10.5
0232,2,4,1.805,0.109,1.371,0.46,1.322,0.128,0,0,0.37,0,3.762,0
0233,1,1,6.25,6.5,6.75,7,7.25,7.5,7.75,8,8.25,8.5,8.75,9.5,10,10.5,11
0233,2,1,4,3.909,2.87,3.199,4,3.749,3.486,3.172,4,3.336,3.413,2.496,2.178,2.874,3.57
0234,1,1,6.25,6.5,6.75,7,7.25,7.5,7.75,8,8.25,8.5,8.75,9,9.5,10,10.5,11,11.5,12
0234,2,1,3.409,3.138,4,3.747,3.779,3.859,3.144,4,2.646,3.518,3.045,3.004,3.731,3.031,2.863,2.019,3.159,3.22
0235,1,2,6.25,6.5,6.75,7,7.25,7.5,7.75,8,8.25,8.5,8.75,9,9.5,12.5,13
0235,2,2,2.204,2.924,3.316,2.961,2.207,1.169,2.224,3.322,1.118,0.915,2.791,1.546,1.511,3.702,1.83
0236,1,3,6.25,6.5,6.75,7,9.5,10,10.5,11,11.5,12,12.5,13
0236,2,3,2.359,1.528,0,0.638,0.634,0.57,0,0.107,0.389,0.405,1.498,0.28
0237,1,1,6.25,6.5,6.75,7,7.25,7.5,7.75,8,8.25,8.5,8.75,9,9.5,10,10.5,11,11.5,12,12.5,13
0237,2,1,3.844,4,4,3.689,3.141,2.806,3.049,3.284,3.701,3.411,1.981,3.641,3.577,2.651,2.924,2.983,1.588,2.119,0.493,1.33
0238,1,1,6.25,6.5,6.75,7,7.25,7.5,7.75,8,8.25,8.5,8.75,9,9.5,10,10.5
0238,2,1,4,3.863,3.325,2.921,3.425,3.07,3.311,3.402,3.263,2.376,3.737,3.27,1.37,0.502,2.53
0239,1,1,6.25,6.5,6.75,7,7.25,7.5,7.75,8,8.25,8.5,8.75,9,9.5,10,10.5,11
0239,2,1,3.67,2.926,2.607,2.232,3.454,2.766,3.078,3.084,2.966,3.457,3.752,2.761,3.091,2.467,2.141,1
0240,1,2,6.25,6.5,6.75,7,7.25,7.5,7.75,8,8.25,8.5,8.75,9,9.5,10,10.5
0240,2,2,2.392,3.068,3.613,0.888,1.276,1.938,1.942,2.828,1.876,0.225,1.208,0.41,2.295,2.277,0
0241,1,1,6.25,6.5,6.75,7,7.25,7.5,7.75,8,8.25,8.5,8.75,9,9.5,10,10.5,11,11.5,12,12.5,13
0241,2,1,2.693,1.475,1.611,1.053,2.221,3.695,2.644,3.151,3.199,1.83,4,4,1.561,0.839,1.045,1.376,1.644,0.762,0.736,2.33
0242,1,2,7,7.25,7.5,7.75,8,8.25,8.5,8.75,9,9.5,9.75,10.5,11
0242,2,2,0.534,0.354,3.613,2.673,1.991,4,2.207,3.35,1.042,0.607,0.014,0,1.44
0243,1,1,7,7.25,7.5,7.75,8,8.25,8.5,8.75,9,9.25,9.75,10.5,11,11.5,12,12.5,13
0243,2,1,3.368,2.651,1.452,2.352,2.616,4,4,2.911,1.477,0.423,0.434,0.983,1.214,1.181,0.597,0,0.83
0244,1,3,7,7.25,7.5,7.75,8,8.25,8.5,8.75,9,9.25,9.5,9.75,10.5,11,11.5,12,12.5,13
0244,2,3,0,0.357,0.365,1.061,1.251,1.713,2.93,3.223,0.649,1.013,0,0.367,0,0,0.071,0,2.126,2.66
0245,1,1,6.25,6.5,6.75,7,7.25,7.5,7.75,8,8.25,8.5,8.75,9,9.5,10,10.5,11,11.5,12
0245,2,1,3.583,4,3.233,3.131,2.668,4,2.76,3.488,2.205,3.144,3.492,3.198,2.415,2.697,2.586,3.189,3.791,3.16
0246,1,1,6.25,6.5,6.75,7,7.25,7.5,7.75,8,8.25,8.5,9.5,10,10.5,11
0246,2,1,2.995,3.563,2.264,2.635,2.819,2.914,3.276,2.723,2.388,3.372,1.593,1.422,1.43,1.6
0247,1,4,6.25,6.5,6.75,7,7.25,7.5,7.75,8,8.25,8.5,9,9.5,10,10.5,11
0247,2,4,2.44,1.338,2.859,2.093,1.814,0.675,2.363,1.013,0,0.166,0.215,0.985,0,0.267,0.33
0248,1,1,7,8,8.25,8.5,8.75,9,9.25,9.5,9.75,10,10.25,10.5,10.75,11,11.5,12,12.5,13
0248,2,1,2.913,2.21,3.992,3.412,2.4,3.459,3.029,3.563,3.818,4,3.396,2.93,4,4,3.859,3.065,3.95,3.33
0249,1,2,6.25,6.5,6.75,7,7.25,7.5,7.75,8,8.25,8.5,8.75,9,9.5,10,10.5,11,11.5,12
0249,2,2,1.122,1.009,1.476,0.954,2.311,3.179,2.931,2.334,3.103,0,3.061,1.79,2.054,1.134,2.32,1.733,1.427,1.38
0250,1,3,6.25,6.5,6.75,7,7.25,7.5,7.75,8,8.25,8.5,9,9.5
0250,2,3,1.112,1.938,1.354,0.194,0.277,1.383,1.444,2.069,0,0.148,1.616,0
0251,1,1,6.25,6.5,6.75,7,7.25,7.5,7.75,8,8.25,8.5,8.75,9,9.5,10,10.5,11,11.5,12,12.5,13
0251,2,1,4,3.288,2.986,2.809,2.65,1.594,1.482,1.784,2.852,3.064,3.283,2.282,2.972,2.638,2.377,1.068,1.708,1.387,3.458,3.33
0252,1,2,6.25,6.5,6.75,7,7.25,7.5,7.75,8,8.25,8.5,8.75,9,9.5,10,10.5,11
0252,2,2,3.388,3.594,2.68,2.353,2.371,2.909,0,3.376,2.283,2.191,2.244,0.03,2.678,0.656,3.051,0.13
0253,1,3,6.25,6.5,6.75,7,7.25,7.5,7.75,8,8.25,8.5,8.75,9,9.5,10,10.5,11,11.5,12,12.5,13
0253,2,3,3.694,2.77,2.837,0.629,1.005,1.026,1.855,2.17,2.244,0.88,1.882,2.429,2.734,2.663,1.904,1.443,1.345,0.243,3.851,2.41
0254,1,2,6.75,7,7.25,7.5,7.75,8,8.25,8.5,8.75,9,9.5,10.5,11
0254,2,2,3.518,3.682,1.818,1.997,0.132,0.453,1.382,2.455,2.839,2.202,2.782,0.831,0
0255,1,1,6.25,6.5,6.75,7,7.25,7.5,7.75,8,8.25,8.5,8.75,9,9.5,10,10.5,11,11.5,12,12.5,13
0255,2,1,3.159,3.344,4,2.533,2.984,3.242,2.604,3.371,2.783,2.439,4,3.683,2.124,0.799,1.171,1.485,3.381,4,2.328,3
0256,1,3,7,7.25,7.5,7.75,8,8.25,8.5,8.75,9,9.25,9.75,10.5,11,11.5,12,12.5
0256,2,3,1.093,0.965,0.342,0.487,1.062,0.432,1.447,0.366,0.433,0.829,0.9,0,0,0,0.585,1.83
0257,1,1,7,7.25,7.5,7.75,8,8.25,8.5,8.75,9,9.25,9.5,9.75,10,10.5,11,11.5,12,12.5,13
0257,2,1,2.432,2.128,2.264,1.908,1.552,3.946,4,4,4,0.896,3.893,2.151,3.861,2.797,3.734,3.64,2.62,1.697,2.83
0258,1,1,7,8,8.25,8.5,8.75,9,9.75,10,10.25,10.5,10.75,11,11.5,12,12.5,13
0258,2,1,3.468,2.859,4,3.976,3.897,2.899,4,2.653,2.851,4,3.1,4,3.3,2.973,3.376,2.44
0259,1,3,7,7.25,7.5,7.75,8,8.25,8.5,8.75,9,9.25,9.75,10.5,11,11.5
0259,2,3,0.063,1.403,0.469,0.658,0,1.252,0.549,0.836,0.192,2.427,0.472,0.522,1.179,1.25
0260,1,4,7,8,8.25,8.5,10.5
0260,2,4,0.243,2.869,1.503,0.731,0.66
0261,1,3,7,7.25,7.5,7.75,8,8.25,8.5,8.75,9,9.25,9.75,10.5
0261,2,3,0,0.494,0,0,0.709,1.182,0.532,0.474,0.951,0,0.384,3
0262,1,2,7,7.25,7.5,7.75,8,8.25,8.5,8.75,9,9.25,9.5,9.75,10
0262,2,2,0.963,1.972,2.05,1.112,2.138,3.148,1.419,1.163,1.154,0.767,0,0,0
0263,1,3,7,7.25,7.5,7.75,8,9.25,9.5,9.75,10
0263,2,3,0.069,1.6,0.16,1.692,3.04,0.087,0,0.323,0
0264,1,1,7,8,8.25,8.5,8.75,9,9.25,9.5,9.75,10,10.25,10.75,11.5,12,12.5,13
0264,2,1,1.477,2.269,2.995,4,3.599,3.032,2.148,0.362,1.734,0,2.115,0.63,1.797,1.464,2.794,2.27
0265,1,4,8,9,9.25,9.5,9.75,10,10.25
0265,2,4,1.547,0.103,2.176,0.324,2.029,1.393,1.08
0266,1,4,8,9,9.5,9.75,10
0266,2,4,0,0.561,1.242,0.284,0
0267,1,3,8,9,9.25,9.5,9.75,10,10.25,10.75,11.5,12,12.5,13
0267,2,3,0.991,0.65,0.54,1.016,0,0,1.196,0.523,0,0,1.321,0.44
0268,1,1,8,9,9.25,9.5,9.75,10,10.25,10.5,10.75,11,11.25,11.75,12.5,13
0268,2,1,4,2.975,2.213,1.564,2.147,3.144,2.583,0.883,1.634,0.352,0.549,1.611,2.927,2.13
0269,1,4,8,9,9.25,9.5,9.75,10
0269,2,4,0,0,0.827,0,0,0
0270,1,3,8,9,9.25,9.5
0270,2,3,1.411,1.594,0,0
0271,1,3,8,9,9.25,9.5,9.75,10,10.25,10.5,10.75,11,11.25,11.75,12.5,13
0271,2,3,1.373,3.502,3.35,3.238,1.481,1.537,0.44,0.475,2.433,0.988,1.99,0.432,0.03,3
0272,1,1,8,9,9.75,10,10.25,10.5,10.75,11,11.25,11.5,11.75,13
0272,2,1,2.955,3.737,1.372,2.497,3.678,3.268,3.346,3.723,1.933,2.749,0.677,3.55
0273,1,3,8,9,9.25,9.5,9.75,10,10.25,10.5,10.75,11.5,12,12.5,13
0273,2,3,0,0.835,2.625,0.988,1.015,0.518,0.538,0,0,2.126,0.743,1.605,0.26
0274,1,3,8,9,9.25,9.5,9.75,10,10.25,10.5,10.75,11,11.25,11.75,12.5,13
0274,2,3,1.862,2.051,2.479,1.785,2.714,0.691,2.404,0,0.827,1.068,0.305,1.114,1.493,1.55
0275,1,4,8,8.5,9,9.25,9.5,9.75,10,10.5
0275,2,4,1.529,0.15,0.61,0.473,0,0.328,0,0
0276,1,4,8,9,9.5,9.75,10,10.25,10.5,10.75,11
0276,2,4,0.625,0,0,0,1.051,0.264,0,0,0
0277,1,1,8,9,9.25,9.5,9.75,10,10.25,10.5,10.75,11,11.25,11.75,12.5,13
0277,2,1,3.418,4,4,3.758,3.207,4,1.68,1.05,3.049,2.992,2.433,2.342,2.701,2.22
0278,1,1,7.5,8,8.5,9,9.25,9.5,9.75,10,10.25,10.5,10.75,11,11.25,11.5,11.75,12,12.5,13
0278,2,1,3.358,3.794,3.367,3.655,2.709,3.67,2.127,2.912,2.895,2.186,2.456,2.998,2.185,1.438,1.299,2.251,3.602,2.5
0279,1,1,8,9,9.25,9.5,9.75,10,10.25,10.5,10.75,11,11.25,11.75,12.5,13
0279,2,1,3.697,3.078,3.544,3.514,3.808,3.108,3.367,3.018,3.173,3.468,1.143,3.567,3.566,2.88
0280,1,4,7.5,8,8.5,9,9.25,9.5,9.75,10,10.75
0280,2,4,0,1.406,1.346,0,0,1.526,0,0.345,0
0281,1,4,8,9,9.25,9.5,9.75
0281,2,4,0,0,0.093,0.13,0
0282,1,4,8,8.5,9,9.25,9.5,9.75,10
0282,2,4,2.271,1.621,0,0,0.186,0,0
0283,1,3,8,9,9.25,9.5,10.25,10.5,10.75,11.5,12,12.5,13
0283,2,3,0.971,1.664,0,2.686,2.777,4,3.582,0.33,1.047,1.756,2.16
0284,1,3,8,8.5,9.25,9.5,9.75,10,10.25,10.75,11,11.5,12,12.5,13
0284,2,3,1.849,1.217,2.638,2.678,1.083,0.297,0.605,0,0.716,2.088,3.665,2.083,2.33
0285,1,3,8,9,9.25,9.5,9.75,10,10.25,10.5,10.75,11,11.25,11.75,12.5,13
0285,2,3,2.097,1.641,2.302,2.761,3.564,3.92,2.682,2.883,1.159,2.425,1.813,2.273,2.133,3.33
0286,1,3,8,9,9.25,9.5,9.75,10,10.25,10.5,10.75,11,11.25,11.75,12.5,13
0286,2,3,1.327,0.973,0,0.407,1.332,0.46,0.946,0.488,1.581,0.603,0.98,0.065,0.465,1
0287,1,3,8,9,9.25,9.5,9.75,10,10.25
0287,2,3,1.658,1.918,0.064,1.245,2.575,0.554,0.44
0288,1,3,8,9,9.25,9.5,9.75,10,10.25,10.5,10.75,11,11.25,11.75,12.5,13
0288,2,3,1.208,2.436,1.058,2.431,1.723,2.53,0.926,2.169,1.899,3.628,1.37,2.167,3.093,2.66
0289,1,3,8,9,9.25,9.5,9.75,10,10.25,10.5,12.5,13
0289,2,3,0.604,2.445,2.845,0,2.245,1.949,1.169,0.332,1.476,1.44
0290,1,2,7,8,8.25,8.5,8.75,9,9.25,9.5
0290,2,2,2.341,1.079,1.508,1.111,0,0,0.236,0.5
0291,1,2,8,9,9.25,9.5,9.75,10,10.25
0291,2,2,0.405,1.762,0.339,0.544,0,0.023,1.06
0292,1,4,8,9,10.25,10.5,10.75,11
0292,2,4,1.674,0.833,0.901,0.713,0.323,0
0293,1,3,8,9,9.25,9.5,9.75,10,10.25,10.5,10.75,11,11.25,11.75,12,12.5,13
0293,2,3,2.075,0.845,0,0.411,0.269,0,1.71,0.709,2.338,1.56,0.949,0.426,1.222,0.65,1.53
0294,1,3,6.5,7,7.5,8,9.25,9.5,9.75,10,10.25,10.5,10.75,11,11.25,11.5,11.75,12,12.25,12.5
0294,2,3,1.69,1.194,0.553,1.738,0.191,1.22,2.073,1.04,0.812,1.347,1.383,0.014,1.793,1.604,0.099,0.33,0.147,0
0295,1,3,8,9,9.25
0295,2,3,0.968,1.59,0
0296,1,4,7,7.5,8.25,8.5,8.75,9,9.25,9.75
0296,2,4,0.716,1.07,1.399,0,1.3,1.424,0,1.05
0297,1,3,6.25,6.5,6.75,7,7.25,7.5,7.75,8,8.5,9.5,10
0297,2,3,0.912,0.89,0.901,0,0,0.059,0.069,0.156,1.363,2.635,2.16
0298,1,4,7,8,8.25,8.5,8.75,9,9.25,10.5,10.75,11
0298,2,4,0.776,0,1.159,0.635,1.186,0.287,0.141,2.284,2.279,0
0299,1,2,6.25,6.5,6.75,7,7.25,7.5,7.75,8,8.25,8.5,9,9.5,10,10.5,11
0299,2,2,3.128,2.513,2.74,2.507,2.752,2.636,1.726,1.659,1.812,1.053,0,0.636,1.261,0.528,1.16
0300,1,4,7,7.25,7.5,7.75,8,8.25,8.5,8.75,9,9.25,9.5,9.75,10.25,10.5,10.75,11,11.5,12,12.5,13
0300,2,4,0.919,0,1.273,0,0.319,0,0,0.43,0.959,0.292,0.283,0.311,2.853,1.938,0.037,2.384,2.545,2.191,2.787,1.66
0301,1,4,6.25,6.5,6.75,7,7.25,7.5,7.75,8,8.25,8.5,9.75,10,10.5
0301,2,4,1.931,0.056,0.501,0,0.66,0,0.281,0,0.348,0.652,3.306,0.443,0
0302,1,3,6.25,6.5,6.75,7,7.25,7.5,7.75,8,8.25,8.5,8.75,9,9.5,10,10.5,11,11.5,12
0302,2,3,0.678,1.554,1.321,0.725,2.234,2.052,1.432,1.661,0.419,0.681,0.844,2.675,0.209,0.787,2.185,0.686,1.671,0.42
0303,1,2,6.25,6.5,6.75,7,7.25,7.5,7.75,8,8.25,8.5,8.75,9,9.5,10
0303,2,2,3.734,0.634,1.665,3.073,2.472,3.339,2.459,0.594,2.296,1.02,1.785,0.422,1.339,0.33
0304,1,4,7,7.25,7.5,7.75,8,8.25,8.5,8.75,9,9.25,9.5,9.75,10.5,11,11.5,12
0304,2,4,1.765,1.637,0,0,0,1.11,0,0.26,0.271,0.822,0,0.958,0.015,1.425,0.72,0
0305,1,2,6.25,6.5,6.75,7,7.25,7.5,7.75,8,8.25,8.5,8.75,9,9.5,10,10.5,11,11.5,12
0305,2,2,1.264,2.951,0.992,1.415,1.079,1.74,1.62,1.635,3.067,2.205,1.226,1.962,1.762,1.869,3.246,1.3,1.432,2.33
0306,1,4,7.25,7.5,7.75,8,8.5,8.75,9.5,10,10.75
0306,2,4,1.289,1.895,0.258,0.758,0,0.443,0,0,2
0307,1,3,6.25,6.5,6.75,7,7.25,7.5,7.75,8,8.25,8.5,8.75,9,9.5,10,10.5,11,11.5,12,12.5,13
0307,2,3,1.2,0.262,2.411,1.39,1.143,2.532,1.788,1.293,1.762,1.549,3.299,2.434,1.704,2.266,1.998,0,0.548,0,1.125,0.86
0308,1,3,6.25,6.5,6.75,7,7.25,7.5,7.75,8,8.25,8.5,8.75,9,9.5,10
0308,2,3,3.119,2.902,2.087,3.541,0.354,2.037,1.528,0.622,1.936,2.742,3.034,1.42,2.261,1.16
0309,1,2,6.25,6.5,6.75,7,7.25,7.5,7.75,8,9.25,9.5,9.75,10,11,11.5
0309,2,2,3.321,1.858,2.061,1.944,3.288,0.975,0.614,1.2,0.097,0,0.364,0.135,0,0
0310,1,4,6.25,6.5,6.75,7,7.25,7.5,7.75,8,10.5,11,12.5
0310,2,4,0.98,1.556,0.835,1.733,0.364,0.117,0.15,0.781,0.124,0.438,0
0311,1,3,6.25,6.5,6.75,7,7.25,7.5,7.75,8,8.25,8.5,8.75,9,9.5,10,10.5,11,11.5,12,13
0311,2,3,0.174,2.428,2.415,2.091,3.17,3.657,1.02,2.176,0.799,1.608,2.56,1.598,2.326,0.237,0.413,0.46,0.919,1.855,0
0312,1,3,6.25,6.5,6.75,7,7.25,7.5,7.75,8,10.5
0312,2,3,0.656,0.208,0.17,0,2.414,0.096,1.522,1.281,0
0313,1,4,7,7.25,7.5,7.75,8,8.5,8.75,9,9.25,9.5,9.75
0313,2,4,3.552,2.219,0.855,0,0,1.875,1.552,0.612,1.73,0.434,0.26
0314,1,4,7,7.25,7.5,7.75,8,8.25,8.5,8.75,9,9.25,9.5,9.75,10,10.5,11,11.5,12
0314,2,4,0.576,1.621,0,0,1.199,1.42,0.415,0.809,0.199,0.657,0,0,0.9,0.989,0.469,2.425,2.4
0315,1,3,7,7.25,7.5,7.75,8,8.25,8.5,8.75,9,9.25,9.5,9.75,10,10.25,10.5,10.75,11,11.5,12,12.5,13
0315,2,3,0,0.396,0.351,0,0,0.183,0.868,2.793,2.076,0.738,0.752,0.668,0.386,1.89,1.57,1.252,0.926,0,0.99,1.408,2.48
0316,1,3,7,7.25,7.5,7.75,8,8.25,8.5,8.75,9,9.75,10.25,10.5,10.75,11,11.5
0316,2,3,0.851,0.606,1.01,0.556,0,0.268,2.435,0.341,2.859,0,1.517,1.825,1.719,2.833,0
0317,1,4,8,8.25,8.5,8.75,9.25,9.5,10
0317,2,4,0,0.123,0.525,0.766,0.448,0,0
0318,1,4,7,8,9.25,9.75
0318,2,4,2.303,0.114,1.879,2.4
0319,1,4,7,7.25,7.5,7.75,8,8.25,8.5,8.75,9.5
0319,2,4,0.524,0.968,0.387,1.91,0.466,1.37,0,0.439,0
0320,1,3,7,7.25,7.5,7.75,8,8.25,8.5,8.75,9,9.25,9.5,9.75,11.5
0320,2,3,0.992,0.245,0.194,1.841,0.695,2.167,0.45,1.43,0.49,0,4,0.528,0
0321,1,3,6.5,7,7.25,7.5,7.75,8,9.25,9.5,9.75,10,10.25,10.5,10.75,11,11.5,12
0321,2,3,0.624,0.747,0,0.623,1.404,0.804,0.96,1.987,0.639,0.081,0,0,0.345,0.329,0.522,0
0322,1,3,7,7.5,8.25,8.5,8.75,9,9.25,9.5,9.75,10,10.25,10.5,10.75,11,11.25,11.5,11.75,12,12.5,13
0322,2,3,2.154,0.351,2.945,1.903,1.07,1.538,1.402,1.384,0,1.038,1.745,3.945,0.611,1.655,2.496,2.92,1.85,2.727,4,2.44
0323,1,3,7,7.25,7.5,8.75,9,9.25,9.5,9.75,10,10.5,11
0323,2,3,0.976,0.459,0.135,0.257,1.768,0.038,0.284,0,0.507,1.277,0.46
0324,1,4,6.25,6.5,6.75,7,7.25,7.5,7.75,8,8.25,8.5,8.75,9,9.5,10,10.5
0324,2,4,0.79,0.583,2.4,0.849,1.294,0.496,0.756,0.684,0.44,0.463,0,0.357,0.755,0.495,0
0325,1,3,6.25,6.5,6.75,7,7.25,7.5,7.75,8,8.25,8.5,9.5,10,10.5,11
0325,2,3,2.059,0.326,1.688,0.471,0,0.214,1.783,0,0.5,2.682,0.665,0,1.162,0
0326,1,3,6.25,6.5,6.75,7,7.25,7.5,7.75,8,8.25,8.5,8.75,9,9.5,10
0326,2,3,2.166,1.945,2.883,2.731,1.65,1.604,1.192,2.577,1.023,2.186,2.88,2.29,1.979,1.93
0327,1,2,6.25,6.5,6.75,7,7.25,7.5,7.75,8,8.25,8.5,8.75,9,12.5,13
0327,2,2,1.781,3.408,1.506,2.944,2.34,2.317,2.066,3.178,0.783,0.837,1.296,1.803,0.169,0
0328,1,3,6.25,6.5,6.75,7,7.25,7.5,7.75,8,8.25,8.5,8.75,9,9.5,10,10.5,11,11.5,12,12.5,13
0328,2,3,3.399,2.652,2.681,2.24,0.337,1.129,0.484,0.736,2.949,1.763,1.828,1.524,2.712,1.266,0.825,0.452,1.718,1.785,1.926,1.77
0329,1,3,6.25,6.5,6.75,7,7.25,7.5,7.75,8,8.5,9,9.5,10,11
0329,2,3,3.111,2.416,2.412,1.975,1.261,1.69,0,0.089,0.097,2.454,0.119,0,0
0330,1,3,6.25,6.5,6.75,7,7.25,7.5,7.75,8,8.25,8.5,8.75,9,10,10.5,11,11.5,12,12.5,13
0330,2,3,2.649,2.404,0.7,1.112,1.048,0,0,0.137,2.763,1.334,1.632,0.953,1.884,2.2,1.367,1.498,1.028,0.752,0.33
0331,1,2,7,7.25,7.5,7.75,8,8.25,8.5,8.75,9,9.25,9.5,9.75,10,10.75,11
0331,2,2,2.451,1.454,1.733,1.35,1.545,2.1,1.827,0.661,0.7,0.307,0.646,0.648,0.031,4,3.5
0332,1,4,6.25,6.5,6.75,7,9.25,9.5,9.75,10
0332,2,4,0.564,0.087,0.174,0.129,0,0,0.332,0
0333,1,4,6.25,6.5,6.75,7,9.25,9.5,9.75,10,10.5,11
0333,2,4,0.679,0.495,0.061,0.097,1.484,0.817,1.58,0.854,0.497,1
0334,1,3,7,7.5,9.25,9.5,9.75,10
0334,2,3,0.519,1.199,0.041,1.527,1.309,0
0335,1,4,8,8.5,9.25,9.5,9.75,10
0335,2,4,1.658,0,1.51,0.254,0,0
0336,1,3,8,9,9.25,9.5,9.75,10,10.25,10.5,10.75,11,11.25,11.5,11.75,12
0336,2,3,1.131,2.783,0.448,0,0.284,0,1.542,0.881,2.378,1.38,1.473,0.999,1.202,2.88
0337,1,4,8,8.25,8.5,8.75,9,9.25,9.5
0337,2,4,0.993,0.607,1.178,0.275,0.609,0,0
0338,1,3,8,9,9.25,9.5,9.75,10,11.25,11.5,11.75,12,12.5,13
0338,2,3,1.474,1.703,0.214,0.159,0,0,2.012,1.036,1.001,2.228,2.476,2.03
0339,1,4,8,9,9.25,9.5,9.75,10
0339,2,4,0.809,0.474,0.744,0,0.374,0
0340,1,3,7,8,9.25,9.5,9.75,10,10.25,10.5,10.75,11,11.25,11.5
0340,2,3,0,0.7,0.234,0.399,0.074,0.783,0.048,0,0.048,0,1.298,0
0341,1,4,8,9,9.25,9.5,9.75,10,10.25,10.75,11,12.5,13
0341,2,4,0,0,0.527,0,0.79,1.218,1.148,0.828,0.984,3.007,2.16
0342,1,4,8,9,9.25,9.5,10.5
0342,2,4,0,0.171,0,0,0
0343,1,3,8,9,9.25,9.5,9.75,10,10.25,10.5,10.75,11
0343,2,3,1.756,1.721,0.332,1.115,0.301,0.004,0.904,0,0,0
0344,1,3,7,8,8.25,8.5,8.75,9,9.25,9.5,9.75,10,10.25,10.5,10.75,11,11.25,11.5,11.75,12
0344,2,3,1.321,0,2.295,3.841,0.949,1.668,0.674,0.158,0.565,1.262,2.756,1.177,1.16,1.696,0.408,0.683,0.225,0
0345,1,4,8,9,9.5
0345,2,4,1.628,0,1.66
0346,1,4,8,8.25,8.5,8.75,9,9.25,9.5
0346,2,4,0.156,0,0.584,0.681,0,0,0
0347,1,4,8,9,9.25,9.5,9.75,10,11.25,11.5,11.75
0347,2,4,0.813,0.229,0,0.293,1.35,2.39,0.303,0.448,0
0348,1,4,8,9,9.25,9.5,9.75,10
0348,2,4,1.381,0.097,0.192,0.206,0.534,0
0349,1,4,8,9,9.25,9.5,9.75,10
0349,2,4,0.349,0.191,0.367,0.298,0,0
0350,1,4,8,9,9.25,9.5,9.75,10
0350,2,4,0.469,0.507,0,0.503,0.335,0.55
0351,1,2,7.5,8,8.5,9,9.25,9.5,9.75,10,10.25,10.5,10.75,11
0351,2,2,1.189,1.756,3.584,0.122,0.089,0.343,0,0,0,0.704,0,0
0352,1,4,8,9,9.25,9.5,9.75,10
0352,2,4,1.407,0.04,1.179,0.772,0.71,0
0353,1,2,8,9,9.25,9.5,9.75,10,10.25
0353,2,2,2.252,0.341,1.038,1.093,0.563,0,0.38
0354,1,2,8,9,9.25,9.5,9.75,10,10.25,10.5
0354,2,2,1.926,1.667,0.985,0,0.344,0.019,0.764,0
0355,1,3,8,9,9.25,9.5,9.75,10
0355,2,3,0.21,0.512,0,0,0.32,0
0356,1,4,6.5,7,9.25,9.5,9.75,10
0356,2,4,0,0.157,0.438,0.155,0,0
0357,1,2,8,9,9.25,9.5,9.75,10,10.25,10.5,10.75,11,11.25,11.75,13
0357,2,2,3.645,0.636,2.181,2.191,1.544,2.374,2.74,1.949,0.582,0,0.932,0.337,0.66
0358,1,4,8,9,9.25,9.5
0358,2,4,0,0.613,1.498,0
0359,1,2,7,8,8.25,8.5,8.75,9,9.25,9.75
0359,2,2,2.184,2.003,1.41,1.072,0,0.745,0.935,1
0360,1,2,7,7.5,8,8.25,8.5,8.75,9,9.25,9.5,9.75,10,10.25,10.5
0360,2,2,2.946,0.871,0.549,0,0.84,1.213,1.021,0.46,4,3.794,2.376,0.671,0
0361,1,4,7.5,8,8.5,9,9.25,9.5,10,10.25,10.5
0361,2,4,0.637,0.33,0.448,1,0,0.27,0.346,0,0
0362,1,4,7,8,8.25,8.5,8.75,9,9.25,9.5,9.75,10,10.25,10.75,11.5,12,12.5,13
0362,2,4,1.725,0.656,1.047,0,1.196,0.276,1.445,0,0.57,0,0,0,0.525,0.903,0,0
0363,1,4,7,8,8.25,8.5,8.75,9,9.25,9.5,9.75,10,12.5
0363,2,4,0.65,0.626,1.073,0.498,0.344,0.641,1.943,0,0.568,0.73,0
0364,1,3,7,8,8.25,8.5,8.75,9,9.25,9.5,9.75,10,10.25,10.5,10.75,11,11.5
0364,2,3,1.683,0.576,0,0,0.549,2.635,0.862,1.048,2.617,0.411,1.049,0,1.51,1,0
0365,1,2,8,9,9.25,9.5
0365,2,2,1.769,0.052,1.07,0
0366,1,4,7.25,7.5,7.75,8,9.25,9.5,9.75,10
0366,2,4,1.882,2.413,0,0,0,0,0.114,0
0367,1,2,8,9,9.25,9.5,9.75,10,10.25,10.5,10.75,11,11.25,11.75,12.5,13
0367,2,2,2.552,1.016,1.32,2.252,2.22,1.993,0.942,0.695,0.87,1.228,1.183,0.622,3.198,2.44
0368,1,3,8,9,9.25,9.5,9.75,10,10.25,10.5,10.75,11,11.25,11.75,12.5,13
0368,2,3,0.387,0.822,2.209,1.076,0,2.77,2.435,2.156,1.12,1.529,0.214,0.943,3.008,1.93
0369,1,3,8,9,9.25,9.5,9.75,10,10.25,10.5,10.75,11,11.25,11.75,12.5,13
0369,2,3,0,1.086,0.213,0.382,1.122,0.471,0.508,1.253,1.127,0.694,1.26,1.38,0.325,1.91
0370,1,3,7,8,8.25,8.5,8.75,9,9.25,9.75,10,10.25,10.75,11.5,12,12.5,13
0370,2,3,1.553,1.768,2.734,0.39,1.431,2.033,0.941,0.836,0.467,0,1.907,3.883,1.946,2.104,2.06
0371,1,4,7,8,9.25,9.75
0371,2,4,1.52,0,1.748,0
0372,1,4,8,9,9.25,9.5
0372,2,4,0,0.393,0.487,0
0373,1,4,8,9,9.25
0373,2,4,0.745,0.313,0
0374,1,2,8,9,9.25,9.5,9.75,10,10.25,10.5,10.75,11,11.25
0374,2,2,1.227,0.711,3.132,2.645,1.309,1.017,0.839,0.876,0,0,0.11
0375,1,2,8,9,9.25,9.5,9.75,10,10.25,10.5,10.75,11,11.25,11.75,12.5,13
0375,2,2,2.156,0.276,1.879,2.558,3.188,1.463,0.443,1.174,1.589,0.563,0.222,1.539,1.646,1.83
0376,1,3,6.25,6.5,6.75,7,7.25,7.5,7.75,8,8.25,8.5,9,9.5,10
0376,2,3,0.739,1.961,1.113,1.082,0.953,2.227,2.025,0.528,1.242,0.289,1.274,0.204,0.26
0377,1,2,6.25,6.5,6.75,7,7.25,7.5,7.75,8,8.25,8.5,9.5
0377,2,2,1.778,1.65,2.385,1.369,1.849,2.149,1.99,0,1.399,1.143,0
0378,1,2,6.25,6.5,6.75,7,7.25,7.5,7.75,8,8.25,9.5,10,10.5,11
0378,2,2,0.872,1.491,1.865,0.285,1.459,1.854,2.922,1.064,1.035,0.002,0,0.049,0.33
0379,1,3,6.25,6.5,6.75,7,7.25,7.5,7.75,8,8.25,8.5,9.5,10,10.5,11
0379,2,3,0.861,0.072,1.573,0.72,0.732,1.505,0.767,2.53,0.538,1.27,1.021,0,0.147,0.61
0380,1,2,6.25,6.5,6.75,7,7.25,7.5,7.75,8,8.25,8.5,8.75,9,9.5,10,10.5,11,11.5,12
0380,2,2,1.953,0.633,0.831,0.396,1.432,0.153,1.427,1.632,0.369,1.555,2.218,0,0.958,0.219,0.111,0.133,0.449,1.71
0381,1,3,6.25,6.5,6.75,7,7.25,7.5,7.75,8,8.25,8.5,8.75,9,9.5,9.75,10,10.25,10.5
0381,2,3,1.014,0,1.16,0,0.71,1.947,1.496,0.89,1.394,2.252,1.326,2.048,2.657,2.028,0.764,2.208,2.66
0382,1,4,6.25,6.5,6.75,7,7.25,7.5,7.75,8,8.25,8.5,8.75,9,9.5,10,10.5,11,11.5
0382,2,4,0.967,0.218,0,0.215,1.251,0,0,0.542,1.081,0.567,0.743,0.128,0.336,0,0,0,0
0383,1,4,6.25,6.5,6.75,7,7.25,7.5,7.75,8,8.25,8.5,8.75,9,9.5,10,10.5,11,11.5,12,12.5,13
0383,2,4,0.414,0.318,0.519,0.02,0,0.416,0.098,0.178,1.31,0,0.363,0.277,0.929,0.401,0,1.168,0,0,0.26,0.44
0384,1,2,6.25,6.5,6.75,7,7.25,7.5,7.75,8,8.25,8.5,9.5,10,10.5,11,12.5,13
0384,2,2,2.431,1.458,0,1.561,3.428,1.972,2.276,2.007,1.654,0.568,2.749,1.569,2.892,2.893,3.079,2.66
0385,1,2,6.25,6.5,6.75,7,7.25,7.5,7.75,8,8.25,8.5,8.75,9,9.5,10,10.5,11,11.5,12,12.25,12.5,13
0385,2,2,0.877,0.13,1.809,0.561,2.732,1.448,1.267,0,1.094,1.578,0.509,0.493,0,0.358,0.685,0.165,1.965,3.675,3.468,0,0
0386,1,2,6.25,6.5,6.75,7,7.25,7.5,7.75,8,8.25,8.5,8.75,9,9.5,10,10.5,11
0386,2,2,1.951,2.041,1.229,1.327,1.295,0.146,0,0.257,0.053,1.303,1.033,0,2.985,0,1.896,0.27
0387,1,3,6.25,6.5,6.75,7,7.25,7.5,7.75,8,8.25,8.5,8.75,9,9.5,10,10.5
0387,2,3,1.872,0,0.653,1.019,2.064,3.335,2.194,1.249,2.05,0.692,0.737,1.23,2.355,1.564,0
0388,1,2,6.25,6.5,6.75,7,9.5,10,10.5,11
0388,2,2,1.521,1.771,0.986,0.211,1.047,0.434,1.663,2.33
0389,1,3,7,7.25,8.25,9.25,9.75,10.5,11,11.5,12,12.5,13
0389,2,3,2.762,0.053,1.232,2.221,2.109,1.273,2.428,0.836,1.024,1.409,2
0390,1,4,7,7.25,7.5,7.75,8,8.25,8.5,8.75,9,9.25,9.5
0390,2,4,2.051,0.183,0,0,0,0,0.142,0,0,0.414,0
0391,1,4,7,8,8.25,8.5,8.75,9,9.25,9.75
0391,2,4,2.911,0.781,1.538,0.054,0,0.204,0.955,0
0392,1,2,7,7.25,7.5,7.75,8,8.25,8.5,8.75,9,9.25,9.5,9.75
0392,2,2,2.427,2.439,2.693,3.279,1.045,3.139,2.171,0.84,0,0,0.328,0
0393,1,3,7,8,8.25,8.5,8.75,9,9.25,9.5,9.75,10,10.25,10.5,10.75,11
0393,2,3,0.822,0,0.752,2.083,2.843,2.061,0.058,0.12,1.655,0,1.025,1.09,0.721,1.58
0394,1,2,7,7.5,8.25,8.5,8.75,9,9.25,9.5,9.75,10,10.25,10.75,11.5,12
0394,2,2,2.304,2.399,2.339,0.066,0.968,1.174,1.119,1.668,1.424,0.875,1.159,0.132,0.351,0
0395,1,3,6.25,6.5,6.75,7,7.5,9.5
0395,2,3,0,0,0.137,0,0.652,0
0396,1,4,6.25,6.5,6.75,7,7.25,7.5,7.75,8,10
0396,2,4,2.533,2.503,1.415,2.002,0.292,1.039,0.408,0.191,0
0397,1,3,6.5,6.75,7,7.25,7.5,7.75,8,8.25,8.5,9.5,10,10.75,11
0397,2,3,2.13,1.857,1.709,1.064,1.396,1.599,0.714,0.371,0.564,0.857,0,3.114,2.83
0398,1,3,6.25,6.5,6.75,7,7.25,7.5,7.75,8,8.25,8.5,9.5,10,10.5,11
0398,2,3,0.661,1.804,2.321,0.76,0,3.377,2.534,0.889,0.58,2.319,1.481,0.132,0,0.53
0399,1,3,6.25,6.5,6.75,7,7.25,7.5,7.75,8,8.25,8.5,8.75,9,9.5,10,10.5
0399,2,3,1.639,2.529,0.728,1.118,1.81,0.529,1.258,0.487,0.588,1.179,3.253,3.057,1.332,0.989,0
0400,1,3,6.25,6.5,6.75,7,8.25,8.5,8.75,9,9.5,10,10.5,11,11.5,12
0400,2,3,2.844,0.497,1.027,1.994,0.892,0.692,0.067,1.97,0.54,1.576,0,0,0,0
0401,1,4,6.5,6.75,7,7.25,7.5,7.75,8,8.25,8.5,8.75,9,11
0401,2,4,0.632,0.956,0,0.215,0,0.912,1.015,0,0.232,0.089,0.518,0
0402,1,3,6.25,6.5,6.75,7,7.25,7.5,7.75,8,8.25,8.5,8.75,9,9.5,10,10.5,11,11.5,12,12.5,13
0402,2,3,3.039,2.726,3.313,2.479,1.71,2.126,2.276,1.847,2.483,1.55,0.751,2.615,2.239,1.637,1.845,0.604,1.338,0.176,2.307,2
0403,1,3,6.25,6.5,6.75,7,7.25,7.5,7.75,8,8.25,8.5,8.75,9,9.5,10,10.5,11,11.5,12
0403,2,3,0,0,0,0.268,0.577,1.7,0.654,1.105,0.748,1.339,0.463,0.967,0.553,1.942,0.245,1.44,1.352,1.88
0404,1,4,6.25,6.5,6.75,7,7.25,7.5,7.75,8,8.25,8.5,8.75,9,9.5,10,11.5,12
0404,2,4,1.098,0.033,1.423,0.665,0,1.223,1.249,1.451,2.925,0.439,0.417,0.571,0.103,0.789,2.289,2.33
0405,1,2,6.25,6.5,6.75,7,7.25,7.5,7.75,8,8.25,8.5,8.75,9,9.5,10.5
0405,2,2,0.246,0.279,1.07,0.496,0.105,1.144,0,0.145,1.255,0.907,0.062,0.492,0.123,0
0406,1,2,6.25,6.5,6.75,7,7.25,7.5,7.75,8,8.25,8.5,8.75,9,9.5,10,10.5,11,11.5,12,12.5,13
0406,2,2,2.783,2.373,1.614,1.311,1.74,1.718,0.828,0.825,1.831,0.459,0.362,1.238,2.448,1.167,1.074,1.623,1.643,1.099,0.89,0
0407,1,2,6.25,6.5,6.75,7,7.25,7.5,7.75,8,8.25,8.5,8.75,9,9.5,10,10.5,11,11.5
0407,2,2,0.361,2.445,1.168,0.854,2.139,2.427,1.614,2.805,1.943,0,0.752,2.983,2.454,3.218,1.33,0.66,0
0408,1,4,6.25,6.5,6.75,7,7.25,7.75,8,8.25,8.5,8.75,9,9.5,10
0408,2,4,2.701,2.758,3.378,1.563,1.67,1.713,0.95,1.764,1.279,0.531,0.554,0.135,0
0409,1,3,6.25,6.5,6.75,7,7.25,7.5,10.5,11,11.5,12,12.5
0409,2,3,0.607,0,0,0,1.875,1.615,0.181,0.754,0.52,0,0
0410,1,3,6.25,6.5,6.75,7,7.25,7.5,8,8.25,8.5,8.75,9,9.5,10,12.5
0410,2,3,2.733,1.689,1.935,1.827,1.786,0.033,0,1.112,1.684,0.143,0.829,1.189,0.413,0.41
0411,1,4,7.25,7.5,7.75,8,8.25,8.5,8.75,9,9.5,10,10.5
0411,2,4,1.624,1.694,3.033,2.023,0,0.021,0,0,1.343,0,0
0412,1,3,6.25,6.5,6.75,7,7.25,7.5,7.75,8,8.25,8.5,8.75,9,9.5,10,10.5
0412,2,3,1.786,0.299,3.096,1.499,1.229,0.177,0,1.012,2.175,2.038,0.699,2.529,0.85,3.037,0
0413,1,3,6.25,6.5,6.75,7,7.25,7.5,7.75,8,8.25,8.5,8.75,9,9.5,10
0413,2,3,0.812,1.43,0.897,1.049,0.768,0.266,0.145,0.834,0.779,1.091,3.196,0.574,1.043,0
0414,1,2,6.25,6.5,10.5,11
0414,2,2,1.438,1.447,0,0
0415,1,3,7,7.25,7.5,7.75,8,8.25,8.5,8.75,9,9.25,9.5,9.75,10,10.5,11,11.5,12
0415,2,3,1.569,0.074,0,0,1.259,1.583,2.145,2.008,1.367,3.505,1.537,1.335,2.498,2.326,2.081,1.22,0
0416,1,4,7,7.25,7.5,7.75,8,8.25,8.5,8.75,9,9.25,9.75,10.5,11,11.5,12,12.5,13
0416,2,4,1.601,0.582,0,1.293,0.344,0.655,1.869,0.449,0,0,1.931,1.289,1.066,0.474,1.315,2.19,1
0417,1,2,6.25,6.5,6.75,7,7.25,7.5,7.75,8,8.5,8.75,9,9.5,10,10.5,11,11.5,12,12.5,13
0417,2,2,0.956,1.183,1.77,2.14,2.479,2.511,3.468,2.491,1.053,0,0.05,2.127,0.686,1.187,1.234,3.781,0.959,2.095,1.74
0418,1,2,6.25,6.5,6.75,7,7.25,7.5,7.75,8,8.25,8.5,8.75,9,9.5,10
0418,2,2,2.26,1.606,2.248,3.254,2.45,2.229,1.849,2.197,1.052,0.513,0.421,0.684,0,0
0419,1,2,7,7.25,7.5,7.75,8,8.25,8.5,8.75,9,9.25,9.75,10.5,11,11.5,12
0419,2,2,1.265,1.078,1.102,1.434,0.7,2.153,2.708,2.011,0.87,1.446,1.109,0,0,0,0.33
0420,1,2,6.25,6.5,6.75,7,7.25,7.5,7.75,8,8.25,8.5,8.75,9,9.5,10,10.5,11,11.5,12,12.5,13
0420,2,2,3.211,0.966,1.396,1.19,1.528,1.233,1.317,1.612,1.78,1.488,1.899,1.48,3.112,1.329,1.81,0.566,1.259,1.029,0.649,1
0421,1,2,7,7.25,7.5,7.75,8,8.25,8.5,8.75,9,9.25,9.5,9.75,10,10.5,11,11.5,12,12.5,13
0421,2,2,1.997,2.311,1.222,2.102,2.519,2.541,2.667,1.826,0.963,3.257,3.782,0.894,1.591,2.33,1.531,3.285,2.168,0.516,1.86
0422,1,2,7,7.25,7.5,7.75,8,8.25,8.5,8.75,9,9.25,9.5,9.75,10.5,11,11.5,12
0422,2,2,3.038,1.737,2.58,1.572,1.249,2.285,2.527,1.913,2.579,3.013,2.457,1.314,0,0,0.414,0
0423,1,4,7,7.25,7.5,7.75,8,9.25
0423,2,4,2.332,0,0.232,1.893,0.681,0.58
0424,1,2,8,9,9.25,9.5,9.75,10,10.25
0424,2,2,2.089,0.242,0.956,0.984,0.388,0.721,1
0425,1,3,6.25,6.5,6.75,7,7.25,7.5,7.75,8,8.25,8.5,9.5,10,10.5,11
0425,2,3,3.523,1.613,2.719,2.248,0.859,1.618,1.73,2.488,1.579,2.059,2.026,1.164,1.605,2.5
0426,1,2,7.25,7.5,7.75,8,8.25,8.5,8.75,9,9.5,10,10.5,11
0426,2,2,4,3.421,3.643,3.461,0.59,0.39,1.445,0.976,0.846,2.037,0,0
0427,1,3,6.25,6.5,6.75,7,7.25,7.5,7.75,8,8.25,8.5,8.75,9,9.5
0427,2,3,2.585,1.952,2.524,1.25,0.573,0.693,1.805,2.324,2.447,3.778,1.281,2.027,1.33
0428,1,2,6.25,6.5,6.75,7,7.25,7.5,7.75,8,8.25,8.5,8.75,9,9.5,10,10.5,11,11.5,12
0428,2,2,0.727,2.213,1.734,0.315,1.022,1.652,2.403,1.108,0.52,1.044,1.56,0.438,1.882,2.086,1.955,1.229,1.359,1.77
0429,1,2,6.25,6.5,6.75,7,7.25,7.5,7.75,8,8.25,8.5,8.75,9,9.5,10,10.5,11,11.5,12
0429,2,2,3.733,2.689,1.868,1.842,4,3.89,2.202,1.173,2.789,2.634,3.2,0.666,2.502,1.178,0,0.067,0.844,0.75
0430,1,2,6.25,6.5,6.75,7,7.25,7.5,7.75,8,8.25,8.5,8.75,9,9.5,10,10.5,11,11.5,12
0430,2,2,1.386,3.004,3.129,1.822,2.344,0.823,3.879,3.094,2.677,1.52,2.854,0.405,0.157,0.375,1.391,0.887,1.043,0.53
0431,1,3,7.25,7.5,7.75,8,8.25,8.5,8.75,9,9.5,10,10.5,11,11.5,12,12.5,13
0431,2,3,0.272,0.451,0.035,0,0.628,0,1.036,0.528,0.997,1.006,0.001,0.524,0.695,0.959,0.995,1.33
0432,1,3,6.25,6.5,6.75,7,7.25,7.5,7.75,8,8.25,8.5,8.75,9,9.5,10,10.5,11,11.5,12
0432,2,3,0.549,0.869,0.504,0.123,0.258,1.197,2.11,2.048,1.369,2.602,2.013,1.97,1.241,0.924,0,0.475,0,0
0433,1,3,7,7.25,7.5,7.75,8,8.25,8.5,8.75,9,9.5,10,10.5,11,11.5,12
0433,2,3,0.965,1.659,1.827,0.192,0.993,0.716,0.864,1.147,2.584,0.408,0.689,0,0.029,3.542,2.88
0434,1,3,6.25,6.5,6.75,7,7.25,7.5,7.75,8,8.25,8.5,8.75,9,9.5,10,10.5,11,11.5,12,12.5,13
0434,2,3,1.24,1.306,0.582,0.723,2.81,0.175,0.304,1.329,0,0.932,2.4,2.28,2.805,3.239,2.539,2.033,1.203,1.053,0.987,0.33
0435,1,3,6.25,6.5,6.75,7,7.25,7.5,7.75,8,8.25,8.5,8.75,9,9.5,10,10.5,11,11.5,12,12.5,13
0435,2,3,2.215,2.977,3.615,2.231,2.934,0.667,0.541,1.235,2.681,2.943,0.933,3.292,2.38,3.313,1.976,1.749,2.278,1.051,3.791,2.91
0436,1,2,6.25,6.5,6.75,7,7.25,7.5,7.75,8,8.25,8.5,8.75,9,9.5,10,10.5,11
0436,2,2,2.422,2.845,2.876,2.227,0.855,0.222,0.791,0.599,0.694,0.444,1.361,0.621,0.265,0.076,0.59,0
0437,1,2,8,8.25,8.5,9.5
0437,2,2,1.881,3.008,0.88,0
0438,1,4,7.25,7.5,7.75,9.25,9.5,9.75,10,11.5,12
0438,2,4,0.669,0.956,0,3.55,4,0.267,0.135,1.868,0
0439,1,2,7,8,8.25,8.5,8.75,9,9.25,9.5,9.75,10,10.25,10.5,10.75,11.5,12,12.5,13
0439,2,2,1.738,2.07,1.171,1.486,2.028,2.206,2.808,1.778,3.541,3.318,2.776,2.695,2.278,1.674,2.028,2.813,2.83
0440,1,4,8,8.25,8.5,8.75,9,9.25,9.5
0440,2,4,0,0.384,0.352,0,0,2.216,2.33
0441,1,2,8,9,9.25,9.5,9.75,10,10.25,10.5,10.75,11,11.25,11.5,11.75,12,12.5,13
0441,2,2,3.038,0.423,3.091,3.554,1.865,1.65,0.137,2.082,1.716,0,1.302,3.26,1.678,0,2.89,1.75
0442,1,4,8,9,9.25,9.5,9.75,10,10.25,10.75,11.5,12,13
0442,2,4,2.661,0.526,1.537,2.489,2.391,3.001,1.311,1.748,3.349,1.384,0.5
0443,1,4,7.5,8,8.5,9,9.25,9.5,9.75,10,10.25,10.5,10.75,11,11.25,11.5,11.75,12,12.25,12.5,12.75,13
0443,2,4,2.542,1.861,0.16,0,1.606,1.804,2.404,0.815,1.003,0.587,0.639,0.094,0.373,0.322,2.007,2.56,1.127,1.771,0.293,2.16
0444,1,4,8,9,9.25,9.5,9.75,10,10.25,10.75
0444,2,4,0,0.562,1.703,0.816,0.918,0.997,0.315,0.16
0445,1,4,8,9,9.25,9.5,9.75,10,10.25,10.5,10.75,11
0445,2,4,1.339,0,2.462,0,1.023,0.264,2.055,1.206,0,0
0446,1,4,8,9,9.5
0446,2,4,0.535,0,0
0447,1,2,7.5,8,8.25,8.5,8.75,9,9.75,10
0447,2,2,3.095,0.035,2.241,2.022,1.811,1.487,1.65,0.58
0448,1,4,8,8.25,8.5,8.75,9,9.25,9.5,9.75,10
0448,2,4,0.646,0,0.136,1.474,0.696,0,0.845,0.649,0
0449,1,4,8,9,9.5,10.5
0449,2,4,1.029,0,0,2.66
0450,1,2,8,9,9.25,9.5,9.75,10,10.25,10.5,10.75,11
0450,2,2,2.003,0.792,0.964,0.101,1.073,1.272,1.557,1.387,0.316,0.25
0451,1,4,8,9,9.25,9.5,9.75,10
0451,2,4,0.633,0,1.621,1.061,0.135,0
0452,1,4,8,9,9.5,9.75,10,10.25,10.5,10.75,11,11.25,11.5,11.75,12,12.5,13
0452,2,4,0.32,0,2.375,1.276,0.441,0.609,0.337,1.731,2.734,2.602,3.298,1.858,2.543,1.533,0.75
0453,1,2,7,8,8.25,8.5,8.75,9,9.5,10,12.5,13
0453,2,2,1.105,1.621,0.298,1.045,1.531,0.369,2.468,1.644,1.913,1.33
0454,1,4,8,9,9.25,9.5,9.75,10,10.25,10.5,10.75,11
0454,2,4,0,0,2.955,4,3.046,3.318,0.728,0,0,0
0455,1,4,8,9,9.25,9.5,9.75,10,10.25,10.5,10.75,11
0455,2,4,0,0,0.648,0.599,0.42,0.066,1.462,0.094,0.718,0
0456,1,2,8,9,9.25,9.5,9.75,10,10.25,10.75
0456,2,2,1.837,1.488,2.024,1.471,0,1.497,1.853,0.86
0457,1,4,8,9,9.25,9.5
0457,2,4,0,0.96,0,0
0458,1,4,8,9,9.25,9.5,9.75,10
0458,2,4,0,0.35,1.165,0,0,0
0459,1,2,6.25,6.5,6.75,7,7.25,7.5,7.75,8,8.25,8.5,9.5,10,10.5,11
0459,2,2,3.032,3.111,2.338,1.888,1.064,1.999,2.258,2.005,2.43,0.564,1.441,1.372,2.558,2.08
0460,1,4,6.25,6.5,6.75,7,7.25,7.5,7.75,8.25,8.5,8.75,9,9.5,10
0460,2,4,1.735,1.419,1.039,0.84,1.341,0.475,3.733,0.742,1.181,0.206,0.528,0,0.75
0461,1,2,6.25,6.5,6.75,7,7.25,7.5,7.75,8,8.25,8.5,9.5,10,10.5,11
0461,2,2,3.435,2.639,2.986,1.346,1.715,2.221,1.864,1.352,1.036,1.589,2.024,1.956,2.968,2.27
0462,1,2,6.25,6.5,6.75,7,7.25,7.5,7.75,8,8.25,8.5,9.5,10,10.5
0462,2,2,1.975,1.995,1.517,1.183,0.624,1.833,1.756,1.888,0.084,1.049,1.058,0.714,0.13
0463,1,2,6.25,6.5,6.75,7,7.25,7.5,7.75,8,8.25,8.5,9.5,10,10.5,11
0463,2,2,2.112,2.256,2.344,2.493,3.215,3.674,2.79,2.643,2.374,1.442,1.318,0.843,1.751,1.88
0464,1,2,6.25,6.5,6.75,7,7.25,7.5,7.75,8,8.25,8.5,8.75,9,9.5,10,10.5,11,11.5,12
0464,2,2,1.11,0.833,2.248,2.11,2.246,2.076,2.147,1.01,2.347,1.195,1.674,1.382,1.59,1.121,1.642,1.978,1.111,2.13
0465,1,2,6.25,6.5,6.75,7,7.25,7.5,7.75,8,8.25,8.5,8.75,9,9.5,10,10.5,11,11.5,12
0465,2,2,2.499,2.484,1.233,2.056,1.648,2.017,2.026,1.961,3.299,1.268,2.253,0.591,0.298,1.154,0.942,0.522,1.677,0.33
0466,1,4,6.25,6.5,6.75,7,7.25,7.5,7.75,8,8.25,8.5,8.75,9,10
0466,2,4,1.304,1.11,0.859,1.608,1.122,0.08,0,0,0,0,0.616,0,0
0467,1,2,6.25,6.5,6.75,7,8.25,8.5,8.75,9,9.5
0467,2,2,0.767,0.723,2.553,2.996,0.607,0,0.563,0.186,0
0468,1,2,6.25,6.5,6.75,7,7.25,7.5,7.75,8,8.25,8.5,8.75,9,11,11.5,12,12.5,13
0468,2,2,2.779,2.022,2.382,2.188,2.284,1.721,1.864,2.346,2.761,2.606,1.175,1.565,1.148,1.994,2.149,0.566,0.77
0469,1,2,6.25,6.5,6.75,7,7.25,7.5,7.75,8,8.25,8.5,8.75,9,9.5,10,10.5,11,11.5
0469,2,2,2.712,2.954,3.289,2.197,1.083,1.78,1.938,2.564,2.395,1.595,1.473,1.621,0.952,0.682,0,0.499,0
0470,1,4,7,7.25,7.5,7.75,8,8.25,8.5,8.75,9,9.25,12
0470,2,4,1.483,0.858,0,0,0.708,0.347,0.474,0,0.106,0.88,0
0471,1,4,6.25,6.5,6.75,7,7.25,7.5,7.75,8,10.25,10.5,10.75,11,11.5,12,13
0471,2,4,1.362,0.481,0.911,0,1.163,0.756,0.699,0.702,0.263,0.7,0.75,0.567,0.146,0.041,1.33
0472,1,4,7,7.25,7.5,7.75,10.75
0472,2,4,0.236,0,0,0,0
0473,1,4,7,8,8.25,8.5,8.75,9,9.25,9.5,9.75,10,10.25,10.5,12.5,13
0473,2,4,1.072,0,0,0.865,0.953,0.259,1.934,0.895,0,0,3.483,0.017,2.278,2.5
0474,1,2,7,8,8.25,8.5,8.75,9,9.25,9.5,9.75,10,10.25,10.5,10.75,11,11.25,11.5,11.75,12,12.5,13
0474,2,2,4,1.496,3.085,1.328,2.254,1.175,0.384,0,0.145,0,4,1.458,2.009,0.749,2.478,1.727,0.289,0,2.034,1.33
0475,1,4,7.25,7.5,7.75,8,8.25,8.5,8.75,9,9.75,10,11.5,12,12.5,13
0475,2,4,0,0,0.285,0,0.33,0.952,0.229,0,3.413,1.502,2.095,1.935,1.143,2.16
0476,1,2,7,8,8.25,8.5,8.75,9,9.25,9.5,9.75,10,10.25,10.75,12.5,13
0476,2,2,0.743,0.843,2.371,0.207,1.593,1.034,1.121,0.255,2.353,2.759,2.228,0.903,3.212,3.13
0477,1,4,6.25,6.5,6.75,7,7.25,7.5,7.75,8,8.25,8.5,9,10.75,11
0477,2,4,2.28,2.477,2.61,2.319,2.818,1.703,1.174,1.647,1.446,1.194,0.177,4,2.22
0478,1,4,6.25,6.5,6.75,7,7.25,7.5,10
0478,2,4,2.687,1.271,1.395,2,0.835,0.864,0.16
0479,1,2,6.25,6.5,6.75,7,7.25,7.5,7.75,8,8.25,8.5,8.75,9,9.5,10,10.5
0479,2,2,2.179,1.053,0.486,1.699,1.254,1.122,1.394,1.665,0,0.459,1.088,0.184,0.133,0.105,0
0480,1,2,6.25,6.5,6.75,7,7.25,7.5,7.75,8,8.25,8.5,9.5,10,10.5,11
0480,2,2,3.732,3.362,4,2.134,1.922,2.701,2.668,3.697,2.294,1.094,1.24,2.683,2.377,2
0481,1,4,6.25,6.5,6.75,7,7.25,7.5,7.75,8,8.25,8.5,8.75,9,9.5,10,10.5,11,11.75,12
0481,2,4,0.978,1.546,2.109,0.899,0.791,1.658,0.622,0,0,0,0,0.176,1.162,0,0.672,0,1.51,0
0482,1,4,6.25,6.5,6.75,7,7.25,7.5,7.75,8,8.25,8.5,9.5,9.75
0482,2,4,0.87,0.099,0.756,0,0,0.494,0.291,0.056,0.073,0.122,0,4
0483,1,2,6.25,6.5,6.75,7,7.25,7.5,7.75,8,8.25,8.5,8.75,9,9.5,10,10.5,11,11.5,12,12.5,13
0483,2,2,2.728,4,2.385,1.539,1.126,0.538,1.741,1.914,1.56,0.627,0.667,1.345,2.431,1.318,1.658,1.249,1.587,0,1.283,1.5
0484,1,2,6.25,6.5,6.75,7,7.25,7.5,7.75,8,8.25,8.5,8.75,9,10,10.25,10.5,10.75,11
0484,2,2,1.844,2.557,2.572,0.628,2.423,1.931,0.796,0,1.04,1.231,0.797,0.839,2.44,2.165,2.473,2.416,0
0485,1,4,6.25,6.5,6.75,7,8.25,8.5,8.75,9,9.5,10
0485,2,4,1.007,0.408,0,0.802,0.404,0.393,0,0.743,3.181,0
0486,1,4,7,7.25,7.5,7.75,8,8.25,8.5,8.75,9,11.5,12.5,13
0486,2,4,0.985,1.605,2.177,1.836,0,1.168,0.155,0,0,1.067,0,2.83
0487,1,2,6.25,6.5,6.75,7,8.25,8.5,8.75,9,9.5,10,10.5,11,11.5,12,12.25,12.5,12.75,13
0487,2,2,1.74,2.345,2.276,1.604,1.913,2.329,0.223,1.313,2.5,2.681,0.174,0.664,3.176,3.17,3.91,3.581,2.947,3.41
0488,1,4,8,8.5,9,9.25,9.5,9.75,10,10.25,10.5
0488,2,4,1.051,0.697,0.184,0,0.081,0.274,0,0,0
0489,1,2,6.25,6.5,6.75,7,7.25,7.5,8.25,8.5,8.75,9,9.5,10
0489,2,2,2.11,1.432,1.801,1.993,2.543,1.241,2.285,1.243,1.683,3.23,1.796,2
0490,1,4,6.25,6.5,6.75,7,7.25,7.5,8.25,8.5,8.75,9,9.5
0490,2,4,0.438,0.559,0.877,0,1.184,0,0,0,0,0.148,0
0491,1,2,6.25,6.5,6.75,7,7.25,7.5,8.25,8.5,8.75,9,9.5,10
0491,2,2,2.988,3.486,3.635,2.955,2.248,3.66,2.112,2.01,1.149,0,1.149,1.2
0492,1,2,6.25,6.5,6.75,7,7.25,7.5,8.25,8.5,8.75,9,9.5
0492,2,2,1.563,1.234,0.17,1.821,0,1.074,1.553,1.779,0.495,0,0.25
0493,1,2,6.25,6.5,7.25,7.5,8.25,8.5,8.75,9,9.5,10
0493,2,2,2.576,2.714,1.407,1.825,3.127,1.477,1.424,1.1,1.582,2.33
0494,1,4,6.25,6.5,6.75,7,7.25,7.5,8.25,8.5,8.75,9,9.5,10
0494,2,4,0,0,0.668,0,2.597,0.132,0.134,0.68,0.151,0.517,0.188,0
0495,1,4,6.25,6.5,6.75,7,7.25,7.5,8.25,8.5,8.75,9,11
0495,2,4,3.256,2.162,3.158,2.581,3.354,0.68,0.778,0,0,0.329,0
0496,1,2,6.25,6.5,6.75,7,7.25,7.5,7.75,8.25,8.5,8.75,9,9.5,10
0496,2,2,2.868,3.184,2.044,2.617,2.831,1.869,4,2.5,0.742,1.678,1.853,1.07,1.19
0497,1,2,6.25,6.5,6.75,7,7.25,7.5,8.25,8.5,8.75,9,9.5,10
0497,2,2,3.099,3.47,3.369,3.54,2.788,4,2.343,2.588,1.45,0.574,2.13,1.58
0498,1,2,6.25,6.5,6.75,7,7.25,7.5,8.25,8.5,8.75,9,9.5,10
0498,2,2,2.811,3.202,3.103,1.967,2.198,2.343,1.492,2.04,1.714,2.348,1.809,0.66
0499,1,4,6.25,6.5,6.75,7,7.25,7.5,8.25,8.5,8.75,9,9.5,10
0499,2,4,2.2,2.767,2.204,0,1.16,1.547,0.386,0,0.04,0.275,0.536,0.16
0500,1,4,6.25,6.5,6.75,7,7.5,8.25,8.5,8.75,9,9.5,10
0500,2,4,1.919,1.105,1.567,0,1.409,1.087,0.079,0.213,0,0.125,0
