|features 2.412 2.02658 1.746806 1.579468 1.495279 1.463815 1.465649 1.492005 1.53904 1.601702 1.670225 1.730548 1.768473 1.775545 1.753129 1.71124 1.662387 1.614992 1.570739 1.525835 1.473851 1.407967 1.322231 1.212 |label 0 0 0 1
|features 1.876 1.464324 1.235965 1.133635 1.101416 1.101371 1.114644 1.135337 1.162474 1.193418 1.220478 1.231131 1.211478 1.151497 1.049619 0.9139505 0.7590083 0.6002865 0.4502617 0.3168541 0.2042413 0.113966 0.04610711 0 |label 0 0 0 1
|features 3.466 3.594499 3.676991 3.69738 3.651651 3.544052 3.385896 3.194747 2.99297 2.80503 2.653436 2.554071 2.511786 2.518244 2.554032 2.595505 2.623255 2.627235 2.606531 2.565912 2.512254 2.45225 2.391438 2.334 |label 1 0 0 0
|features 1.69 1.742552 1.751482 1.733906 1.699964 1.657224 1.612995 1.575136 1.551831 1.550795 1.578237 1.637898 1.73037 1.852845 1.999393 2.16176 2.330646 2.497324 2.655411 2.802524 2.941481 3.080646 3.232945 3.413 |label 1 0 0 0
|features 0 0 0 0 0 0 0 0 0 0 0 0 0 0 0 0 0 0 0 0 0 0 0 0 |label 0 0 0 1
|features 0.967 0.6629896 0.4632097 0.3558978 0.3200516 0.3292186 0.3577787 0.3862553 0.4041262 0.4098917 0.408936 0.4100954 0.4219359 0.4496251 0.4930402 0.546433 0.5996324 0.6404218 0.6574049 0.6423691 0.5908481 0.4992583 0.3565768 0.128 |label 0 0 0 1
|features 1.951 1.921681 1.811341 1.676585 1.538697 1.400547 1.258508 1.109681 0.9552463 0.8009982 0.6561463 0.5313366 0.4366028 0.3796709 0.3647473 0.3916702 0.4551531 0.5438253 0.6389325 0.7129337 0.7288551 0.6421788 0.408278 0 |label 0 1 0 0
|features 2.783 2.560863 2.321482 2.10251 1.922759 1.785609 1.684115 1.606439 1.540544 1.477447 1.412717 1.346237 1.280612 1.218812 1.161881 1.10754 1.050462 0.9847124 0.9084004 0.8298655 0.7737756 0.784229 0.9203628 1.238 |label 0 1 0 0
|features 3.52 2.966488 2.606329 2.364239 2.205725 2.116413 2.08783 2.109309 2.164987 2.234499 2.295929 2.329622 2.32172 2.266586 2.167594 2.036139 1.889056 1.74497 1.620427 1.527009 1.471008 1.457705 1.502882 1.655 |label 0 1 0 0
|features 2.156 2.074261 1.992522 1.910783 1.829044 1.747304 1.665565 1.583826 1.502087 1.420348 1.338609 1.25687 1.17513 1.093391 1.011652 0.929913 0.8481739 0.7664348 0.6846957 0.6029565 0.5212174 0.4394782 0.3577391 0.276 |label 0 1 0 0
|features 0.861 1.192251 1.400972 1.529759 1.607538 1.654359 1.68438 1.707601 1.730783 1.757945 1.79071 1.828705 1.870128 1.912506 1.953598 1.99228 2.029202 2.066885 2.108871 2.157429 2.209245 2.24844 2.236175 2.096 |label 1 0 0 0
|features 0.72 0.5659005 0.5327424 0.5222332 0.4971218 0.4567405 0.4156225 0.3867554 0.374387 0.3757503 0.3854437 0.3982747 0.4102169 0.4184355 0.4210095 0.4166439 0.4044284 0.3836633 0.3536937 0.3137576 0.2627358 0.1986594 0.1170877 0 |label 0 0 0 1
|features 2.844 1.979822 1.533835 1.340529 1.267706 1.244254 1.237705 1.233651 1.22567 1.210953 1.188417 1.157845 1.119513 1.074062 1.022488 0.9662961 0.9078844 0.8512331 0.8034986 0.778421 0.8038834 0.9369109 1.280396 1.97 |label 0 0 1 0
|features 0.255 0.5173732 0.7687789 1.0077 1.232001 1.439426 1.627187 1.792075 1.930266 2.037352 2.108439 2.138228 2.121617 2.054658 1.936299 1.77073 1.569797 1.353723 1.148823 0.9818999 0.8741959 0.8373039 0.871765 0.967 |label 0 1 0 0
|features 4 3.95897 3.85397 3.72657 3.614197 3.537188 3.498131 3.487093 3.488479 3.487035 3.47185 3.43819 3.387553 3.326561 3.265234 3.214936 3.185983 3.184611 3.209042 3.244761 3.260248 3.206355 3.025689 2.683 |label 1 0 0 0
|features 3.359 3.518154 3.582274 3.585147 3.546796 3.479506 3.391911 3.291533 3.1861 3.08394 2.993729 2.923807 2.881266 2.870972 2.894626 2.949973 3.030198 3.123529 3.213017 3.276466 3.286381 3.20985 3.008164 2.636 |label 1 0 0 0
|features 2.24 2.289386 2.154932 1.898736 1.585047 1.269922 0.9926068 0.772453 0.612395 0.5063799 0.445564 0.4218791 0.4294281 0.4648207 0.5272124 0.618361 0.7429316 0.9090971 1.129343 1.421152 1.804241 2.286031 2.817045 3.221 |label 0 0 1 0
|features 4 3.754129 3.472942 3.219335 3.025383 2.900709 2.841244 2.836223 2.872743 2.938074 3.020392 3.108783 3.193223 3.265004 3.317771 3.348943 3.361064 3.36249 3.366852 3.391076 3.452327 3.565219 3.741972 4 |label 1 0 0 0
|features 2.868 2.90551 2.824026 2.722013 2.641008 2.592074 2.572768 2.575907 2.592974 2.614793 2.631643 2.633916 2.613136 2.56296 2.479877 2.363847 2.218816 2.053894 1.884868 1.736138 1.641356 1.636075 1.729922 1.853 |label 0 1 0 0
|features 1.878 1.676349 1.495549 1.363811 1.2737 1.211483 1.167342 1.135882 1.114591 1.102579 1.09987 1.107082 1.125324 1.156214 1.202005 1.265617 1.350557 1.459939 1.593673 1.741995 1.874075 1.924545 1.783776 1.295 |label 0 0 1 0
|features 0.35 0.4006084 0.456343 0.5176718 0.5849836 0.6586952 0.7391152 0.8264286 0.920521 1.020799 1.125957 1.233403 1.338716 1.434853 1.51132 1.554043 1.546595 1.473747 1.326979 1.109923 0.8415833 0.5569336 0.3067496 0.158 |label 0 1 0 0
|features 2.906 2.841304 2.776609 2.711913 2.647217 2.582522 2.517826 2.45313 2.388435 2.323739 2.259043 2.194348 2.129652 2.064956 2.000261 1.935565 1.87087 1.806174 1.741478 1.676783 1.612087 1.547391 1.482696 1.418 |label 0 1 0 0
|features 0.77 1.322827 1.666021 1.901078 2.088583 2.258249 2.4197 2.571671 2.708599 2.82449 2.914548 2.975388 3.004686 3.001035 2.964481 2.89783 2.808434 2.709698 2.621279 2.566644 2.566704 2.62839 2.727618 2.787 |label 1 0 0 0
|features 1.944 2.071937 2.125928 2.110991 2.044183 1.951789 1.85856 1.779133 1.718549 1.676602 1.651143 1.639673 1.639907 1.649914 1.66812 1.693247 1.724258 1.760313 1.800716 1.844904 1.892399 1.942791 1.995756 2.051 |label 1 0 0 0
|features 0.669 0.7193118 0.7342409 0.7331841 0.7224516 0.7050506 0.6826823 0.6564472 0.6270731 0.595102 0.5609125 0.5248275 0.4870681 0.4478432 0.4073086 0.3655988 0.3228136 0.2790551 0.2344092 0.1889438 0.1427194 0.09578518 0.04819999 0 |label 0 0 0 1
|features 1.22 1.146775 1.08673 1.040267 1.007827 0.9897495 0.9863032 0.9976123 1.023591 1.063836 1.117544 1.183329 1.259163 1.342435 1.430242 1.520357 1.612728 1.711266 1.824617 1.965016 2.145104 2.374105 2.654275 2.978 |label 1 0 0 0
|features 0.469 0.4706522 0.4723043 0.4739565 0.4756087 0.4772609 0.478913 0.4805652 0.4822174 0.4838696 0.4855217 0.4871739 0.4888261 0.4904782 0.4921304 0.4937826 0.4954348 0.4970869 0.4987391 0.5003913 0.5020435 0.5036957 0.5053478 0.507 |label 0 0 0 1
|features 3.128 2.905675 2.781883 2.712292 2.671355 2.642575 2.613664 2.574853 2.518959 2.442084 2.3441 2.228402 2.100788 1.967417 1.832502 1.696007 1.552942 1.394771 1.213037 1.003559 0.7686414 0.5161284 0.2564519 0 |label 0 1 0 0
|features 1.007 0.7494177 0.5742013 0.4785839 0.4342217 0.4174653 0.4144319 0.4175622 0.4227018 0.4274966 0.4305668 0.431087 0.4285613 0.4227126 0.4134362 0.4008132 0.3852062 0.3674795 0.3495432 0.335627 0.3353394 0.3704436 0.4846159 0.743 |label 0 0 0 1
|features 1.882 1.958335 1.898654 1.761025 1.589697 1.410249 1.235437 1.071263 0.9201244 0.7827621 0.6590413 0.5483941 0.4501839 0.363658 0.2880679 0.2227091 0.166931 0.120134 0.08176173 0.05131881 0.02832168 0.01235317 0.003032898 0 |label 0 0 0 1
|features 4 3.960047 3.867874 3.729814 3.553763 3.348561 3.123446 2.887587 2.649698 2.417723 2.198606 1.998133 1.820855 1.670087 1.547985 1.455701 1.393618 1.361655 1.359662 1.387878 1.44748 1.541203 1.674036 1.854 |label 0 1 0 0
|features 2.075 2.021522 1.968043 1.914565 1.861087 1.807609 1.75413 1.700652 1.647174 1.593696 1.540217 1.486739 1.433261 1.379783 1.326304 1.272826 1.219348 1.16587 1.112391 1.058913 1.005435 0.9519565 0.8984783 0.845 |label 0 0 1 0
|features 1.798 1.805237 1.693549 1.518258 1.320389 1.128814 0.962229 0.8309743 0.738706 0.6839407 0.6614774 0.663712 0.6818565 0.7070752 0.7315496 0.7494842 0.758067 0.7583941 0.7563743 0.763622 0.7983543 0.8863016 1.061646 1.368 |label 0 0 1 0
|features 1.997 2.046095 2.021512 1.973927 1.933655 1.916193 1.926709 1.96359 2.021167 2.091722 2.166882 2.23851 2.299196 2.342438 2.362623 2.354892 2.314981 2.239146 2.124226 1.967958 1.769613 1.53103 1.258134 0.963 |label 0 1 0 0
|features 1.881 2.041303 2.14726 2.214935 2.253841 2.270067 2.267823 2.25016 2.219353 2.177215 2.1251 2.064207 1.995441 1.919552 1.837287 1.749111 1.655553 1.557061 1.454006 1.346652 1.235331 1.120293 1.001781 0.88 |label 0 1 0 0
|features 1.381 1.325174 1.269348 1.213522 1.157696 1.10187 1.046044 0.9902174 0.9343913 0.8785652 0.8227391 0.7669131 0.7110869 0.6552609 0.5994348 0.5436087 0.4877826 0.4319565 0.3761304 0.3203043 0.2644783 0.2086522 0.1528261 0.097 |label 0 0 0 1
|features 2.451 2.163592 1.96772 1.832942 1.739657 1.675869 1.634535 1.611435 1.603548 1.607876 1.62069 1.637155 1.651288 1.656231 1.644784 1.610164 1.546967 1.45228 1.326921 1.176761 1.014107 0.8590976 0.741091 0.7 |label 0 1 0 0
|features 0.706 0.8182691 0.8302462 0.7926928 0.7416951 0.701362 0.6860391 0.7022048 0.7501707 0.825677 0.9214313 1.028605 1.138261 1.242653 1.336294 1.416659 1.484346 1.54248 1.595118 1.644361 1.685848 1.702272 1.654521 1.47 |label 0 0 1 0
|features 1.46 2.024688 2.310921 2.483625 2.589708 2.650747 2.679478 2.685002 2.675163 2.657834 2.641527 2.635161 2.646699 2.680716 2.735941 2.804744 2.875407 2.936582 2.98202 3.014157 3.045776 3.099089 3.201874 3.38 |label 1 0 0 0
|features 0.791 0.8389746 0.8885339 0.9059271 0.8912482 0.8528844 0.7972931 0.7274596 0.645407 0.555536 0.4667782 0.3925687 0.3481402 0.3456553 0.3888822 0.4705001 0.5742155 0.6805173 0.7721416 0.8369378 0.8678185 0.8616284 0.8177401 0.737 |label 0 0 1 0
|features 1.736 2.033582 2.147932 2.162386 2.130457 2.085144 2.045734 2.022629 2.020613 2.040958 2.082697 2.143348 2.219304 2.306066 2.398433 2.490712 2.576951 2.651144 2.707329 2.739389 2.740376 2.701077 2.607516 2.437 |label 1 0 0 0
|features 1.931 1.23388 0.8230578 0.5832908 0.4460524 0.3695666 0.3272661 0.3018993 0.2827087 0.2640249 0.2443372 0.2253515 0.2108205 0.205166 0.2120361 0.2331815 0.2680455 0.3142138 0.3682877 0.4267945 0.4866328 0.545312 0.6009118 0.652 |label 0 0 0 1
|features 0.199 0.6680174 0.8006502 0.7623389 0.6509225 0.5199416 0.3958953 0.2904927 0.2083136 0.1506431 0.1166593 0.1037295 0.1080834 0.1257995 0.1534937 0.1885376 0.2289928 0.2734764 0.3210094 0.3709033 0.422655 0.4759185 0.5304297 0.586 |label 0 0 0 1
|features 0.656 0.4779792 0.3680043 0.3307513 0.3686701 0.4709539 0.6126439 0.7611712 0.8875886 0.977248 1.0327 1.066747 1.092576 1.118385 1.147184 1.178635 1.210817 1.24133 1.267846 1.288331 1.301096 1.304794 1.298365 1.281 |label 0 0 1 0
|features 1.01 1.117069 1.280402 1.449129 1.593182 1.698235 1.761321 1.78711 1.784814 1.765684 1.741063 1.720932 1.712912 1.721645 1.748495 1.791486 1.845408 1.901986 1.950034 1.975485 1.961182 1.886335 1.725506 1.447 |label 0 1 0 0
|features 3.716 3.736482 3.657545 3.523978 3.360982 3.188975 3.027054 2.89142 2.792724 2.734484 2.713365 2.721195 2.748019 2.785202 2.827662 2.874452 2.927404 2.98805 3.05374 3.114635 3.154077 3.155753 3.121928 3.108 |label 1 0 0 0
|features 1.786 1.418033 1.430586 1.538478 1.610332 1.60171 1.514213 1.371341 1.204637 1.045789 0.9219573 0.8528215 0.8486303 0.90912 1.023467 1.171605 1.327261 1.463031 1.557709 1.606001 1.630632 1.696796 1.928832 2.529 |label 0 0 1 0
|features 2.911 2.729683 2.556295 2.390756 2.233131 2.083217 1.940741 1.805182 1.675799 1.551505 1.430709 1.311383 1.190954 1.066469 0.9352235 0.7957355 0.6494021 0.5019504 0.3638639 0.2485976 0.1692994 0.135227 0.148926 0.204 |label 0 0 0 1
|features 3.161 2.980775 2.740177 2.496347 2.280565 2.106698 1.977571 1.889629 1.836189 1.809591 1.802507 1.808633 1.822973 1.841885 1.863025 1.885308 1.908963 1.935729 1.969224 2.015459 2.083478 2.186043 2.340253 2.568 |label 0 0 1 0
|features 1.014 0.7034065 0.5953873 0.5684946 0.5795723 0.6194632 0.6879491 0.7821229 0.8933999 1.009352 1.117476 1.208854 1.280452 1.335456 1.381658 1.428356 1.482625 1.546097 1.61358 1.674956 1.721878 1.760761 1.833584 2.048 |label 0 0 1 0
|features 0 0.02409113 0.05307089 0.08612198 0.1223843 0.1610116 0.2012118 0.2422764 0.2836173 0.3247468 0.365227 0.4048047 0.4431999 0.4802543 0.5158722 0.5499432 0.5824495 0.6133639 0.6426722 0.6703939 0.6965691 0.7211934 0.7443257 0.766 |label 0 0 0 1
|features 0.851 0.7937463 0.7709793 0.7589043 0.7433911 0.7181965 0.6832477 0.6429576 0.604569 0.5765468 0.5670628 0.5826389 0.6270429 0.7005498 0.7997097 0.9177852 1.046045 1.176124 1.303689 1.433665 1.587303 1.811404 2.190021 2.859 |label 0 0 1 0
|features 1.227 1.297353 1.285627 1.24446 1.205656 1.185382 1.188647 1.213035 1.251743 1.295934 1.336463 1.365049 1.374985 1.361473 1.321733 1.255008 1.162634 1.048343 0.9190103 0.7860412 0.6676353 0.5921806 0.6030373 0.765 |label 0 1 0 0
|features 2.712 2.82006 2.866438 2.82324 2.700719 2.52861 2.342033 2.17212 2.040842 1.959133 1.927353 1.937193 1.974313 2.021228 2.060145 2.075624 2.05697 2.000292 1.910034 1.799618 1.690613 1.609638 1.581995 1.621 |label 0 1 0 0
|features 1.926 1.914739 1.903478 1.892217 1.880957 1.869696 1.858435 1.847174 1.835913 1.824652 1.813391 1.80213 1.79087 1.779609 1.768348 1.757087 1.745826 1.734565 1.723304 1.712044 1.700783 1.689522 1.678261 1.667 |label 0 1 0 0
|features 2.733 2.346934 2.122252 1.983671 1.87817 1.771318 1.646157 1.500867 1.343613 1.187029 1.043673 0.9238778 0.8346959 0.779856 0.7594973 0.7698297 0.8023489 0.8429297 0.871759 0.8665433 0.813146 0.7266394 0.6793084 0.829 |label 0 0 1 0
|features 1.781 2.272286 2.424456 2.448682 2.437777 2.424358 2.414512 2.40537 2.392727 2.373039 2.342876 2.297872 2.232418 2.140664 2.018823 1.868228 1.69822 1.527646 1.383774 1.297695 1.296165 1.391274 1.571731 1.803 |label 0 1 0 0
|features 2.2 2.354664 2.29807 2.099243 1.84054 1.588956 1.381929 1.228093 1.118005 1.036253 0.9686737 0.9048861 0.8382936 0.7652912 0.6844851 0.5961906 0.5021827 0.4057871 0.3123388 0.2299698 0.1708357 0.1510851 0.1855462 0.275 |label 0 0 0 1
|features 0.767 0.8934797 1.173102 1.44294 1.640042 1.761008 1.818592 1.8262 1.794706 1.732473 1.645996 1.540419 1.419997 1.288481 1.149342 1.006075 0.8625725 0.7233885 0.5943053 0.4827573 0.3972747 0.3419151 0.2961348 0.186 |label 0 1 0 0
|features 3.583 3.681408 3.647044 3.553024 3.44467 3.348554 3.277213 3.232569 3.209247 3.197952 3.188653 3.173204 3.147147 3.11061 3.068325 3.028845 3.003006 3.001586 3.032073 3.094534 3.177 3.251702 3.275178 3.198 |label 1 0 0 0
|features 1.502 1.351468 1.108941 0.8757738 0.6960161 0.5792764 0.5178302 0.4977314 0.5048685 0.5274092 0.5561168 0.5837793 0.6046092 0.6140758 0.6092846 0.5897855 0.5585677 0.5229774 0.4953097 0.4927949 0.5364988 0.6481235 0.8426537 1.113 |label 0 0 0 1
|features 0.462 0.4301969 0.4158581 0.4201088 0.4441557 0.4892675 0.5567337 0.6478399 0.7637264 0.9052165 1.072647 1.265273 1.48075 1.714354 1.957876 2.199157 2.422293 2.609671 2.745037 2.816444 2.816807 2.742009 2.587698 2.346 |label 1 0 0 0
|features 1.778 1.776907 1.820628 1.85268 1.861826 1.855386 1.843303 1.830108 1.812618 1.781602 1.726006 1.638461 1.520416 1.384727 1.253044 1.148048 1.084174 1.063021 1.075321 1.106286 1.140459 1.164447 1.167816 1.143 |label 0 1 0 0
|features 3.758 3.595602 3.420214 3.252206 3.104823 2.985206 2.895687 2.834918 2.799297 2.784306 2.785767 2.800495 2.826516 2.862894 2.909384 2.966113 3.033347 3.111362 3.200361 3.300452 3.411664 3.533908 3.667087 3.811 |label 1 0 0 0
|features 0.776 0.7126628 0.657852 0.6118623 0.5750483 0.547699 0.5300823 0.5223877 0.5246928 0.5368844 0.5585743 0.5889534 0.6266374 0.6695073 0.7145498 0.7579048 0.7950741 0.8212881 0.8315343 0.8198067 0.7773651 0.6903813 0.5374454 0.287 |label 0 0 0 1
|features 0.976 0.8098184 0.6800167 0.5844781 0.515238 0.4658058 0.4318598 0.4105825 0.4001344 0.3993225 0.4074076 0.4239827 0.4489063 0.4822977 0.5245017 0.5761684 0.6382565 0.7122566 0.8003197 0.9058368 1.034297 1.195847 1.41304 1.768 |label 0 0 1 0
|features 2.13 2.017213 1.906069 1.793205 1.683796 1.584849 1.501007 1.432617 1.375389 1.321579 1.262171 1.189695 1.100986 0.9986501 0.890439 0.7863057 0.6950811 0.6223994 0.5703693 0.5384753 0.5246451 0.5261474 0.5401479 0.564 |label 0 0 1 0
|features 1.837 1.821826 1.806652 1.791478 1.776304 1.76113 1.745957 1.730783 1.715609 1.700435 1.685261 1.670087 1.654913 1.639739 1.624565 1.609391 1.594217 1.579044 1.56387 1.548696 1.533522 1.518348 1.503174 1.488 |label 0 1 0 0
|features 1.521 1.567125 1.519316 1.440602 1.354812 1.269431 1.186845 1.10777 1.032296 0.9603081 0.891578 0.825904 0.7630404 0.7028021 0.6449947 0.5894433 0.5360001 0.4845389 0.4349168 0.3870375 0.3407907 0.2960898 0.252853 0.211 |label 0 1 0 0
|features 4 3.433629 3.229777 3.17375 3.15728 3.131334 3.079273 3.00174 2.907902 2.810001 2.719758 2.646077 2.593982 2.564807 2.557525 2.570839 2.605381 2.665103 2.756925 2.887776 3.058634 3.255894 3.441522 3.545 |label 1 0 0 0
|features 2.542 2.4476 2.342894 2.229144 2.107615 1.979568 1.846267 1.708974 1.568953 1.427466 1.285777 1.145147 1.006841 0.8721213 0.7422503 0.6184914 0.5021072 0.3943608 0.2965152 0.2098332 0.1355777 0.07501175 0.02939821 0 |label 0 0 0 1
|features 1.553 1.574373 1.600703 1.631298 1.665214 1.701274 1.737954 1.773334 1.804997 1.829965 1.844687 1.845109 1.827031 1.786893 1.723289 1.639207 1.544545 1.457229 1.401124 1.400059 1.470224 1.613693 1.814019 2.033 |label 0 0 1 0
|features 2.215 2.546899 2.770959 2.87169 2.862903 2.765584 2.601206 2.391581 2.160161 1.932303 1.733749 1.587625 1.510729 1.510087 1.580672 1.705044 1.855505 1.999225 2.106769 2.16454 2.191768 2.262925 2.5366 3.292 |label 0 0 1 0
|features 3.801 3.552121 3.255741 2.968191 2.714779 2.500008 2.317058 2.156721 2.013231 1.885579 1.775606 1.685898 1.618535 1.574778 1.555238 1.560053 1.589128 1.642288 1.719368 1.820352 1.945378 2.094873 2.269665 2.471 |label 1 0 0 0
|features 0.246 0.3158447 0.4226836 0.5082329 0.5565759 0.5725169 0.5674891 0.5520844 0.5334935 0.5159101 0.5021155 0.4948802 0.4973688 0.5123265 0.5403523 0.577977 0.6164961 0.6425317 0.6410945 0.6014856 0.5257334 0.4384443 0.3959957 0.492 |label 0 1 0 0
|features 3.67 3.353886 3.109723 2.935942 2.830238 2.783709 2.78207 2.809239 2.850721 2.895757 2.938056 2.975425 3.008768 3.040889 3.075345 3.11542 3.163088 3.217731 3.274348 3.321094 3.336207 3.284703 3.115617 2.761 |label 1 0 0 0
|features 2.15 2.210565 2.27113 2.331696 2.392261 2.452826 2.513391 2.573956 2.634522 2.695087 2.755652 2.816217 2.876783 2.937348 2.997913 3.058478 3.119044 3.179609 3.240174 3.300739 3.361304 3.42187 3.482435 3.543 |label 1 0 0 0
|features 3.195 3.128551 3.066199 3.008037 2.954203 2.904723 2.859566 2.818552 2.781324 2.747242 2.715243 2.683736 2.650425 2.61224 2.565564 2.50697 2.434912 2.352232 2.268906 2.20367 2.184113 2.245844 2.431903 2.793 |label 1 0 0 0
|features 1.098 0.7890327 0.71398 0.7166544 0.728866 0.7330346 0.735727 0.7507391 0.7897168 0.8581258 0.9545169 1.07142 1.196721 1.314961 1.408541 1.459219 1.450522 1.371571 1.222349 1.019527 0.8004196 0.6205915 0.5377494 0.571 |label 0 0 0 1
|features 1.453 0.924154 0.5845509 0.3789099 0.2604047 0.1931288 0.1525723 0.1244576 0.1026893 0.08704238 0.08078943 0.08847252 0.1139957 0.1594359 0.2248508 0.3088112 0.4091772 0.5237417 0.6504333 0.7875047 0.9335127 1.087222 1.247641 1.414 |label 0 0 1 0
|features 0.441 0.4834252 0.4900339 0.501896 0.5421631 0.6111025 0.6922883 0.7648758 0.8139639 0.8339068 0.826174 0.7957463 0.7484885 0.689741 0.6237851 0.5537335 0.4815939 0.4083634 0.3343209 0.2593659 0.1839893 0.1107417 0.04602976 0 |label 0 0 0 1
|features 3.024 3.025869 3.033706 3.04744 3.06691 3.091882 3.121993 3.156741 3.195424 3.237114 3.280652 3.324619 3.367464 3.407784 3.444813 3.47926 3.514138 3.55501 3.608723 3.680477 3.770005 3.8681 3.953815 3.992 |label 1 0 0 0
|features 0.564 0.3847284 0.2888308 0.2371249 0.2068201 0.1878032 0.1752686 0.1666998 0.160662 0.1562855 0.1530125 0.1504746 0.1484172 0.1466629 0.1450833 0.143585 0.1420991 0.1405747 0.1389726 0.1372641 0.135427 0.1334449 0.1313057 0.129 |label 0 0 0 1
|features 4 3.886105 3.733896 3.597114 3.494209 3.424854 3.380165 3.348966 3.321502 3.291385 3.256226 3.217273 3.178333 3.144303 3.119653 3.10721 3.107508 3.118849 3.13795 3.160759 3.182641 3.196701 3.188619 3.126 |label 1 0 0 0
|features 3.368 3.103728 2.843443 2.621595 2.456369 2.354869 2.316845 2.337272 2.408041 2.519014 2.658625 2.814239 2.972382 3.118979 3.239676 3.320301 3.347492 3.309474 3.196964 3.004119 2.729436 2.376472 1.954228 1.477 |label 1 0 0 0
|features 1.82 1.355241 1.107185 0.9548737 0.843008 0.7537393 0.6864867 0.6442317 0.6270115 0.6313067 0.6517256 0.6824896 0.7181118 0.7535643 0.7841195 0.8051394 0.8117808 0.7986368 0.7592957 0.6858131 0.5683112 0.3963327 0.1726292 0 |label 0 0 0 1
|features 2.383 1.64476 1.288872 1.171466 1.172434 1.206178 1.222459 1.20093 1.1425 1.060058 0.9703263 0.887895 0.821762 0.7742143 0.7414833 0.7154588 0.6857675 0.6417456 0.5741822 0.4771579 0.3507532 0.2057557 0.07165296 0.009 |label 0 0 0 1
|features 0.888 0.8305101 0.9694925 1.152711 1.294459 1.364127 1.366877 1.321541 1.246908 1.157095 1.061499 0.9660255 0.8742527 0.7883136 0.7093631 0.6379899 0.5743646 0.5183086 0.4693454 0.426466 0.3876827 0.3486868 0.2991355 0.216 |label 0 1 0 0
|features 0 0 0 0 0 0 0 0 0 0 0 0 0 0 0 0 0 0 0 0 0 0 0 0 |label 0 0 0 1
|features 2.762 2.140288 1.78645 1.541937 1.361328 1.224018 1.118564 1.037809 0.9769217 0.9324759 0.9019181 0.8833137 0.8751243 0.87612 0.8852965 0.9018196 0.9249863 0.9541979 0.9889562 1.028796 1.073345 1.122258 1.175233 1.232 |label 0 0 1 0
|features 1.639 1.843548 1.787565 1.647153 1.506226 1.393674 1.310189 1.245694 1.189256 1.133667 1.076727 1.020904 0.9724985 0.9409059 0.9381019 0.9781101 1.075987 1.245784 1.496963 1.828832 2.222567 2.630319 2.960436 3.057 |label 0 0 1 0
|features 1.994 1.667362 1.571481 1.545716 1.548505 1.564198 1.587061 1.616224 1.65346 1.701766 1.764295 1.843273 1.939002 2.048847 2.166319 2.280282 2.374185 2.425792 2.407477 2.287464 2.031217 1.600382 0.9465747 0 |label 0 1 0 0
|features 3.102 2.764785 2.567753 2.437865 2.337168 2.248499 2.165025 2.083725 2.002383 1.919185 1.833776 1.748624 1.669689 1.605772 1.566444 1.558937 1.584901 1.638162 1.704508 1.763863 1.793708 1.770146 1.659132 1.385 |label 0 1 0 0
|features 2.533 2.440794 2.265698 2.067276 1.865587 1.664928 1.467363 1.278582 1.107367 0.9612043 0.8421765 0.7466941 0.6685169 0.6018543 0.5426466 0.4885424 0.438394 0.3917615 0.348591 0.3090134 0.273247 0.2415137 0.2140345 0.191 |label 0 0 0 1
|features 2.338 2.944431 3.262625 3.38905 3.389973 3.313788 3.196351 3.063569 2.933354 2.817608 2.724119 2.657928 2.621775 2.615502 2.634686 2.669165 2.702399 2.712671 2.676864 2.576889 2.40763 2.183497 1.938183 1.709 |label 0 1 0 0
|features 3.211 2.37536 1.887933 1.612413 1.463837 1.389392 1.356745 1.346893 1.349597 1.360232 1.377423 1.401206 1.431637 1.467912 1.508027 1.548971 1.587362 1.620261 1.645784 1.662935 1.669872 1.659627 1.61199 1.48 |label 0 1 0 0
|features 1.072 0.9796623 0.8894653 0.8019415 0.7178651 0.63808 0.5636597 0.4958806 0.4363132 0.386835 0.3496149 0.3271187 0.3218842 0.3361194 0.3709082 0.4249851 0.4932629 0.5658625 0.6284543 0.6643428 0.6572347 0.593415 0.4627676 0.259 |label 0 0 0 1
|features 3.099 3.236164 3.314146 3.352342 3.362765 3.35472 3.335042 3.307381 3.272499 3.229467 3.176771 3.112903 3.036539 2.946451 2.841328 2.719566 2.578919 2.416057 2.225928 2.000655 1.728891 1.397304 1.00173 0.574 |label 0 1 0 0
|features 3.038 2.682135 2.463677 2.320911 2.215962 2.128484 2.050284 1.980849 1.923726 1.883725 1.864887 1.86916 1.895737 1.940984 1.998888 2.061964 2.122527 2.174268 2.214025 2.243679 2.272055 2.31676 2.405815 2.579 |label 0 1 0 0
|features 2.03 1.955028 2.000185 2.104667 2.22212 2.319863 2.378511 2.391127 2.361567 2.302092 2.230289 2.165484 2.124784 2.119201 2.150749 2.212065 2.289253 2.366628 2.430661 2.471857 2.484573 2.466138 2.415809 2.334 |label 1 0 0 0
|features 0 2.767147E-05 0.0003904614 0.001730381 0.004748211 0.009969461 0.01758969 0.02740297 0.03882209 0.05102175 0.06315548 0.0746141 0.08519658 0.09513621 0.1049845 0.115438 0.1271949 0.1408591 0.1568985 0.1756527 0.1973434 0.2220958 0.2499794 0.281 |label 0 0 1 0
|features 2.392 2.669088 2.785672 2.732541 2.563196 2.345285 2.135948 1.972279 1.870503 1.82946 1.835609 1.868039 1.902857 1.916898 1.890971 1.812819 1.679754 1.500503 1.295262 1.092377 0.9195019 0.7865973 0.657906 0.41 |label 0 1 0 0
|features 2.112 2.104565 2.110229 2.129455 2.162652 2.210166 2.272201 2.348771 2.439548 2.543698 2.65972 2.785011 2.915583 3.045734 3.167796 3.272666 3.351083 3.395876 3.403984 3.376868 3.318496 3.231773 3.114869 2.958 |label 1 0 0 0
|features 1.162 1.064852 0.9699463 0.8800678 0.7974995 0.7240255 0.6609303 0.6089986 0.5685154 0.5392662 0.5205367 0.5111131 0.5092818 0.5128295 0.5190435 0.5247112 0.5261205 0.5190595 0.4988169 0.4601813 0.3974421 0.3043889 0.1743114 0 |label 0 0 0 1
|features 1.919 1.624934 1.435551 1.289899 1.173594 1.083858 1.017295 0.968961 0.9334767 0.9058579 0.8817292 0.8573437 0.829478 0.7953703 0.7526138 0.6992032 0.6335822 0.5548998 0.4635911 0.3624011 0.258065 0.1618013 0.08193172 0 |label 0 0 0 1
|features 1.389 2.307927 2.824409 3.101825 3.240219 3.297335 3.305451 3.282951 3.241163 3.187624 3.127451 3.064033 2.999492 2.934995 2.870983 2.807368 2.743668 2.679239 2.613802 2.548805 2.491345 2.463893 2.523027 2.777 |label 1 0 0 0
|features 1.628 1.557217 1.486435 1.415652 1.34487 1.274087 1.203304 1.132522 1.061739 0.9909565 0.9201739 0.8493913 0.7786087 0.7078261 0.6370435 0.5662609 0.4954783 0.4246956 0.353913 0.2831304 0.2123478 0.1415652 0.07078261 0 |label 0 0 0 1
|features 1.738 1.763862 1.783547 1.796847 1.803566 1.803572 1.796818 1.783391 1.763595 1.738064 1.707897 1.674898 1.641815 1.612582 1.592461 1.587723 1.604657 1.647783 1.71786 1.810796 1.918058 2.028212 2.128493 2.206 |label 0 1 0 0
|features 0.661 1.129816 1.415568 1.528556 1.52294 1.467579 1.423319 1.428293 1.49194 1.596961 1.707951 1.784596 1.796676 1.736523 1.623257 1.495161 1.393485 1.347924 1.371418 1.463212 1.614837 1.815124 2.053051 2.319 |label 0 0 1 0
|features 1.294 0.967572 0.9950637 1.132449 1.245438 1.280081 1.236608 1.143211 1.032422 0.9268789 0.836537 0.7625462 0.7018024 0.6499426 0.6028317 0.5570147 0.5098289 0.4593074 0.4040694 0.3431675 0.2760453 0.2024352 0.122324 0.036 |label 0 0 0 1
|features 2.987 2.848108 2.834259 2.844096 2.84176 2.820235 2.781269 2.726353 2.654399 2.562813 2.449655 2.31549 2.164559 2.004775 1.847484 1.706853 1.599188 1.541998 1.551624 1.638649 1.79881 1.997643 2.147508 2.077 |label 0 0 1 0
|features 1.2 0.9986057 1.072074 1.220871 1.360707 1.468666 1.548273 1.609431 1.659155 1.699357 1.728523 1.744834 1.749034 1.746109 1.745429 1.759496 1.801715 1.88358 2.011459 2.182586 2.37904 2.557374 2.630153 2.434 |label 0 0 1 0
|features 1.311 1.267386 1.227121 1.184053 1.133443 1.073087 1.003691 0.9287056 0.8538227 0.7862883 0.734153 0.7055585 0.7081205 0.7484356 0.8317131 0.9614924 1.139384 1.36473 1.634058 1.940163 2.270621 2.605505 2.914056 3.15 |label 0 0 1 0
|features 3.315 3.11266 2.953423 2.829155 2.735424 2.669774 2.630449 2.615515 2.62233 2.647306 2.685911 2.732861 2.782448 2.828948 2.867062 2.892337 2.901508 2.892715 2.865542 2.820819 2.760146 2.685073 2.595895 2.49 |label 1 0 0 0
|features 0.745 0.7262174 0.7074348 0.6886522 0.6698695 0.651087 0.6323044 0.6135218 0.5947391 0.5759565 0.5571739 0.5383913 0.5196087 0.5008261 0.4820435 0.4632609 0.4444783 0.4256957 0.406913 0.3881304 0.3693478 0.3505652 0.3317826 0.313 |label 0 0 0 1
|features 0.923 0.9342524 1.006716 1.101874 1.198453 1.286683 1.36392 1.431404 1.491954 1.548405 1.602634 1.655026 1.704258 1.747309 1.779604 1.795245 1.787283 1.748019 1.66933 1.543066 1.361533 1.118153 0.8083837 0.431 |label 0 1 0 0
|features 0.861 0.6652442 0.6779583 0.754872 0.8320237 0.8908173 0.934455 0.9733686 1.017284 1.071739 1.137148 1.208989 1.278518 1.334198 1.364674 1.362991 1.330189 1.275592 1.213809 1.160609 1.130063 1.133228 1.178089 1.27 |label 0 0 1 0
|features 1.093 1.027694 0.9393966 0.8494351 0.7713693 0.7123945 0.674854 0.65771 0.6578574 0.6711973 0.6934175 0.7204635 0.7487149 0.7749137 0.7959275 0.8084583 0.8088453 0.7931405 0.7576692 0.7003197 0.6228414 0.5344613 0.4571622 0.433 |label 0 0 1 0
|features 0 0 0 0 0 0 0 0 0 0 0 0 0 0 0 0 0 0 0 0 0 0 0 0 |label 0 0 0 1
|features 0.739 1.144441 1.30264 1.334771 1.318315 1.299779 1.302362 1.331411 1.379338 1.43069 1.467422 1.47391 1.441002 1.368407 1.264949 1.146275 1.030802 0.935185 0.8714788 0.8474139 0.8688419 0.9420518 1.074492 1.274 |label 0 0 1 0
|features 2.179 1.710333 1.398957 1.22972 1.162864 1.157121 1.17994 1.209863 1.234753 1.248442 1.247531 1.229295 1.191083 1.131095 1.050025 0.9527954 0.8494012 0.7539182 0.6808499 0.6384355 0.6192433 0.5894722 0.4799568 0.184 |label 0 1 0 0
|features 1.721 1.909684 1.83462 1.618045 1.352003 1.102354 0.9123514 0.8053859 0.7874334 0.849731 0.9721468 1.127587 1.287231 1.426359 1.529683 1.595505 1.636619 1.67726 1.746258 1.869154 2.062998 2.335645 2.688394 3.119 |label 0 0 1 0
|features 3.844 3.900566 3.916065 3.888228 3.821185 3.724125 3.609464 3.490832 3.381154 3.291014 3.227417 3.193 3.18571 3.198939 3.222151 3.24207 3.244606 3.217796 3.156183 3.067162 2.979986 2.958183 3.116194 3.641 |label 1 0 0 0
|features 3.294 3.470681 3.585064 3.631958 3.625293 3.585653 3.5321 3.477682 3.428016 3.382252 3.335598 3.28253 3.219799 3.148515 3.074758 3.008491 2.96087 2.940331 2.947978 2.972719 2.986116 2.935921 2.735533 2.244 |label 1 0 0 0
|features 2.26 2.068236 2.059809 2.149946 2.27052 2.375862 2.441498 2.459469 2.432546 2.368778 2.277154 2.164757 2.035486 1.890232 1.728216 1.54908 1.355217 1.153728 0.9573874 0.7840805 0.6543901 0.5874957 0.5963121 0.684 |label 0 1 0 0
|features 0 0.01708696 0.03417391 0.05126087 0.06834783 0.08543478 0.1025217 0.1196087 0.1366957 0.1537826 0.1708696 0.1879565 0.2050435 0.2221304 0.2392174 0.2563044 0.2733913 0.2904783 0.3075652 0.3246522 0.3417391 0.3588261 0.3759131 0.393 |label 0 0 0 1
|features 0 0.03043478 0.06086956 0.09130435 0.1217391 0.1521739 0.1826087 0.2130435 0.2434783 0.2739131 0.3043478 0.3347826 0.3652174 0.3956522 0.426087 0.4565217 0.4869565 0.5173913 0.5478261 0.5782609 0.6086956 0.6391304 0.6695652 0.7 |label 0 0 1 0
|features 3.111 2.835978 2.633804 2.461294 2.295447 2.126164 1.949933 1.765654 1.573071 1.373282 1.17034 0.9727101 0.7930353 0.6458167 0.5442088 0.4976141 0.5112607 0.5871392 0.7256928 0.927341 1.194002 1.53029 1.94509 2.454 |label 0 0 1 0
|features 4 3.826347 3.657997 3.494637 3.33602 3.18205 3.032894 2.889431 2.753924 2.630854 2.528015 2.456487 2.428236 2.450642 2.520049 2.618535 2.715862 2.775389 2.762469 2.65504 2.457239 2.217361 2.051515 2.174 |label 1 0 0 0
|features 1.062 0.9756133 0.9012935 0.8390988 0.7890683 0.7510243 0.7245958 0.7090972 0.7034314 0.7059305 0.7141872 0.7248731 0.733632 0.7351941 0.7239697 0.6954581 0.6485436 0.5879642 0.5254208 0.4777647 0.4626586 0.4935108 0.575241 0.701 |label 0 0 0 1
|features 1.683 1.585825 1.486875 1.386126 1.283734 1.179832 1.074712 0.9687903 0.8627575 0.7576682 0.6550453 0.5572484 0.4677225 0.3914229 0.3353434 0.308771 0.323216 0.3916458 0.5272223 0.7422997 1.048319 1.456797 1.980549 2.635 |label 0 0 1 0
|features 0.438 0.5024082 0.5502089 0.5700091 0.5691925 0.5564496 0.5360857 0.5088346 0.4744812 0.4334747 0.3871467 0.3373572 0.2861358 0.2354542 0.1871419 0.1429011 0.1043361 0.07302739 0.0506185 0.03889773 0.03993376 0.05618604 0.09074304 0.148 |label 0 0 0 1
|features 3.468 3.419027 3.378355 3.346449 3.323847 3.311063 3.308615 3.316976 3.336517 3.367404 3.409473 3.461959 3.523185 3.590138 3.657924 3.719472 3.765635 3.786112 3.770934 3.711733 3.601854 3.435179 3.20437 2.899 |label 1 0 0 0
|features 1.362 1.043802 0.858577 0.743058 0.6724369 0.6387151 0.637164 0.659674 0.6938594 0.7266859 0.7494015 0.7596506 0.7597104 0.7534166 0.7441711 0.734317 0.7252252 0.7175671 0.7115729 0.7072146 0.7043249 0.7026675 0.7019805 0.702 |label 0 0 0 1
|features 0.968 0.8251278 0.8049625 0.8374524 0.8885821 0.94418 0.9991593 1.052167 1.1032 1.15249 1.199951 1.244937 1.286058 1.321289 1.348196 1.364653 1.370096 1.36732 1.364611 1.377364 1.428305 1.54565 1.759425 2.096 |label 0 0 1 0
|features 3.409 3.168938 2.922909 2.683999 2.46045 2.257643 2.079497 1.929341 1.81033 1.725469 1.677315 1.667416 1.695553 1.758865 1.850899 1.960678 2.071823 2.161827 2.201518 2.154798 1.978711 1.623914 1.035606 0.155 |label 1 0 0 0
|features 2.413 2.495641 2.568537 2.631436 2.684026 2.726119 2.757593 2.778484 2.789037 2.789824 2.78188 2.766882 2.747343 2.726755 2.709587 2.700866 2.705251 2.725766 2.762947 2.815374 2.881776 2.964005 3.069918 3.216 |label 1 0 0 0
|features 0.069 0.4816284 0.7098933 0.8288171 0.8993024 0.9618909 1.036404 1.128298 1.236048 1.355699 1.483268 1.615345 1.749332 1.883232 2.015648 2.145526 2.272151 2.394992 2.513716 2.628086 2.73796 2.843259 2.943931 3.04 |label 0 0 1 0
|features 1.474 1.483957 1.493913 1.50387 1.513826 1.523783 1.533739 1.543696 1.553652 1.563609 1.573565 1.583522 1.593478 1.603435 1.613391 1.623348 1.633304 1.643261 1.653217 1.663174 1.67313 1.683087 1.693043 1.703 |label 0 0 1 0
|features 3.676 2.913905 2.492771 2.258659 2.145669 2.121074 2.160924 2.241925 2.340921 2.437087 2.514355 2.563044 2.580397 2.57011 2.540947 2.504649 2.47325 2.456046 2.456442 2.468965 2.476488 2.447162 2.32938 2.041 |label 1 0 0 0
|features 1.953 1.454713 1.149605 0.9671123 0.8655224 0.8174652 0.8043026 0.8138439 0.8387247 0.8746216 0.9184561 0.967097 1.016989 1.064794 1.108689 1.149547 1.190944 1.236905 1.286548 1.325393 1.314129 1.176958 0.7934642 0 |label 0 1 0 0
|features 4 3.852006 3.745707 3.659142 3.572343 3.468986 3.337456 3.171373 2.969651 2.736146 2.478969 2.20951 1.941257 1.688455 1.464682 1.281397 1.146529 1.063167 1.028422 1.032507 1.058125 1.080201 1.066047 0.976 |label 0 1 0 0
|features 3.694 3.319351 2.98973 2.652515 2.314321 2.001914 1.74196 1.552178 1.438948 1.398205 1.417746 1.479964 1.564598 1.651407 1.72281 1.766527 1.778186 1.763578 1.739996 1.735634 1.785433 1.921019 2.151309 2.429 |label 0 0 1 0
|features 1.483 1.257985 1.034044 0.8301071 0.6581236 0.5238984 0.4281707 0.3678111 0.3370329 0.3285321 0.334492 0.3474051 0.3606878 0.3690801 0.3688452 0.3578001 0.3352309 0.301764 0.2592867 0.2110254 0.161916 0.119415 0.09492124 0.106 |label 0 0 0 1
|features 4 3.955435 3.91087 3.866304 3.821739 3.777174 3.732609 3.688044 3.643478 3.598913 3.554348 3.509783 3.465217 3.420652 3.376087 3.331522 3.286957 3.242391 3.197826 3.153261 3.108696 3.064131 3.019565 2.975 |label 1 0 0 0
|features 2.904 2.481009 2.304323 2.208899 2.135576 2.070999 2.01643 1.974144 1.943516 1.921618 1.905111 1.891737 1.880691 1.871893 1.864534 1.855516 1.838461 1.8039 1.741189 1.642502 1.509099 1.359834 1.241588 1.241 |label 0 1 0 0
|features 2.63 2.6884 2.750257 2.815713 2.884795 2.957545 3.033891 3.113669 3.196503 3.28173 3.368318 3.454579 3.538005 3.615016 3.680719 3.729084 3.753588 3.748604 3.711092 3.641769 3.545145 3.428612 3.30143 3.174 |label 1 0 0 0
|features 3.182 2.623558 2.214599 1.927392 1.731016 1.596914 1.501929 1.429441 1.36917 1.316107 1.268993 1.228658 1.196503 1.173278 1.158294 1.149085 1.141496 1.130078 1.108613 1.070502 1.008692 0.9147371 0.7765067 0.574 |label 0 0 1 0
|features 1.151 0.8711694 0.7925082 0.8058928 0.8674495 0.964192 1.09231 1.245579 1.411235 1.570831 1.703866 1.79238 1.8251 1.800097 1.725297 1.616526 1.49317 1.37203 1.260572 1.151799 1.024304 0.853057 0.6392222 0.471 |label 0 1 0 0
|features 1.11 1.114909 1.277177 1.483405 1.67668 1.832595 1.944126 2.012651 2.043086 2.041642 2.015051 1.97038 1.914861 1.855418 1.797845 1.74586 1.700464 1.660063 1.621681 1.583083 1.544634 1.508129 1.467397 1.382 |label 0 1 0 0
|features 1.59 1.383704 1.18568 1.013045 0.8733515 0.7673256 0.6912597 0.6390203 0.6036512 0.5785668 0.5583504 0.5391885 0.518993 0.4972768 0.4748707 0.4535842 0.4359322 0.4250678 0.4250775 0.4418157 0.4844709 0.5680758 0.7171894 0.971 |label 0 0 0 1
|features 0.61 0.4731039 0.382499 0.3243053 0.2878776 0.265836 0.2537096 0.2490225 0.2504109 0.2570586 0.2684096 0.2840355 0.3035871 0.3267559 0.3532817 0.3829233 0.415474 0.4507398 0.4885563 0.5287689 0.5712407 0.615847 0.6624647 0.711 |label 0 0 0 1
|features 0 0.01521739 0.03043478 0.04565217 0.06086956 0.07608695 0.09130435 0.1065217 0.1217391 0.1369565 0.1521739 0.1673913 0.1826087 0.1978261 0.2130435 0.2282609 0.2434783 0.2586957 0.2739131 0.2891304 0.3043478 0.3195652 0.3347826 0.35 |label 0 0 0 1
|features 2.052 2.271636 2.369924 2.387129 2.358606 2.307295 2.246332 2.182986 2.121181 2.063044 2.009669 1.961561 1.918935 1.881792 1.850024 1.82347 1.801939 1.785229 1.773132 1.765448 1.761975 1.762527 1.766925 1.775 |label 1 0 0 0
|features 2.039 2.248853 2.318843 2.371287 2.461048 2.599735 2.774943 2.964216 3.144119 3.295248 3.404189 3.463471 3.470491 3.426188 3.33409 3.200104 3.033217 2.847072 2.662193 2.508426 2.426993 2.471294 2.705303 3.198 |label 1 0 0 0
|features 3.039 2.955598 2.924774 2.878223 2.795291 2.681573 2.553586 2.428886 2.320671 2.235753 2.174742 2.133438 2.104593 2.079536 2.049446 2.006402 1.944607 1.862389 1.765631 1.673136 1.624041 1.686695 1.967287 2.615 |label 0 0 1 0
|features 1.477 1.547546 1.621721 1.700088 1.783178 1.871674 1.96629 2.06784 2.177142 2.294978 2.422047 2.558609 2.704201 2.857078 3.013287 3.165914 3.304537 3.415963 3.486353 3.504441 3.464189 3.366082 3.217361 3.032 |label 1 0 0 0
|features 3.711 3.724203 3.737603 3.750705 3.762886 3.773408 3.781374 3.785713 3.785161 3.778265 3.763417 3.738988 3.703587 3.65653 3.598642 3.533163 3.466452 3.407485 3.365516 3.346026 3.346517 3.353361 3.339762 3.264 |label 1 0 0 0
|features 1.614 1.37467 1.201675 1.0781 0.9929036 0.9384466 0.9091333 0.9006577 0.9096127 0.9331945 0.9690235 1.015029 1.069355 1.130293 1.19629 1.265935 1.338014 1.411727 1.486954 1.564657 1.647126 1.737671 1.839303 1.953 |label 0 0 1 0
|features 0.978 1.230107 1.399021 1.468708 1.459526 1.401937 1.321936 1.235169 1.14686 1.05497 0.9544856 0.841356 0.7151179 0.5798463 0.4434977 0.3160771 0.2072709 0.1242581 0.07034503 0.0448675 0.04450087 0.06574724 0.1079718 0.176 |label 0 0 0 1
|features 0.414 0.3877784 0.3714677 0.3454925 0.309525 0.2706667 0.2367415 0.2133238 0.2031569 0.2067826 0.2234617 0.2517875 0.2897345 0.3342099 0.3804446 0.4217252 0.4499916 0.4576582 0.440614 0.401668 0.3526837 0.3122375 0.2937879 0.277 |label 0 0 0 1
|features 1.803 1.941961 2.061273 2.173667 2.296248 2.435346 2.584729 2.730335 2.856797 2.952838 3.014091 3.043026 3.046535 3.032269 3.005095 2.965039 2.90776 2.828061 2.726063 2.614538 2.524439 2.503948 2.604269 2.843 |label 1 0 0 0
|features 2.812 2.78249 2.737797 2.680647 2.613996 2.540933 2.464589 2.388038 2.314203 2.245763 2.185054 2.133976 2.093899 2.065564 2.048994 2.043392 2.047051 2.057255 2.070186 2.08083 2.08288 2.06864 2.028932 1.953 |label 0 1 0 0
|features 0.743 0.7562025 0.7782064 0.8086141 0.8468164 0.8920034 0.9430539 0.9984909 1.056356 1.114122 1.168656 1.216142 1.252306 1.272924 1.274852 1.257743 1.225905 1.189035 1.160102 1.149734 1.158831 1.171808 1.151364 1.034 |label 0 1 0 0
|features 2.811 2.943909 2.967691 2.903974 2.7878 2.652837 2.522823 2.409356 2.314671 2.236323 2.170623 2.114348 2.065256 2.022066 1.984318 1.952257 1.926776 1.909482 1.902917 1.911084 1.940632 2.003575 2.123497 2.348 |label 0 1 0 0
|features 2.451 2.175915 1.905874 1.701702 1.585859 1.557692 1.604259 1.707622 1.849376 2.013111 2.185421 2.355986 2.517164 2.663446 2.791053 2.897848 2.983661 3.051057 3.106452 3.161436 3.234049 3.349697 3.541272 3.848 |label 1 0 0 0
|features 0.956 1.094807 1.272127 1.464283 1.656968 1.842131 2.015224 2.172779 2.310183 2.420486 2.49459 2.522763 2.497073 2.413351 2.271985 2.07737 1.836933 1.559931 1.257268 0.9415982 0.6290236 0.3436024 0.1265562 0.05 |label 0 1 0 0
|features 1.023 0.8631917 0.8763614 0.9354838 0.9914216 1.031598 1.054743 1.058699 1.038693 0.9920182 0.9226788 0.8407371 0.7574651 0.6813404 0.6169776 0.5659602 0.5280139 0.5019037 0.4860149 0.4786647 0.4782557 0.4833373 0.4926256 0.505 |label 0 0 0 1
|features 1.24 1.210765 1.131788 1.073788 1.060185 1.081453 1.113255 1.131408 1.120839 1.078492 1.011647 0.9337892 0.8601196 0.8042558 0.7769323 0.7866077 0.8411011 0.9488069 1.117809 1.351451 1.639711 1.947144 2.200253 2.28 |label 0 0 1 0
|features 3.48 3.456195 3.350266 3.197875 3.025966 2.850009 2.677584 2.512232 2.355288 2.207133 2.06762 1.936328 1.812858 1.696717 1.587415 1.484496 1.38755 1.296198 1.210088 1.128932 1.052387 0.9801942 0.912147 0.848 |label 0 1 0 0
|features 3.994 3.53245 3.226406 3.049919 2.975859 2.976631 3.025113 3.096202 3.169089 3.229938 3.273197 3.300058 3.314989 3.322732 3.326945 3.330022 3.333379 3.337783 3.343599 3.35096 3.359867 3.370249 3.382 3.395 |label 1 0 0 0
|features 4 3.900149 3.759837 3.614195 3.485751 3.385111 3.314135 3.269463 3.24536 3.235512 3.233906 3.235097 3.234288 3.227553 3.212432 3.188913 3.160585 3.135469 3.125719 3.144989 3.201828 3.286881 3.350944 3.27 |label 1 0 0 0
|features 0.32 0.306087 0.2921739 0.2782609 0.2643478 0.2504348 0.2365217 0.2226087 0.2086957 0.1947826 0.1808696 0.1669565 0.1530435 0.1391304 0.1252174 0.1113044 0.09739131 0.08347826 0.06956521 0.05565218 0.04173913 0.02782609 0.01391304 0 |label 0 0 0 1
|features 0.236 0.1644079 0.1140496 0.08027729 0.05747499 0.04170204 0.03051563 0.02241951 0.01647383 0.01206085 0.008766831 0.006303849 0.004466045 0.003101982 0.002100159 0.00137532 0.0008622815 0.0005097828 0.0002777501 0.0001342521 5.359638E-05 1.505811E-05 1.789307E-06 0 |label 0 0 0 1
|features 0.65 0.6492757 0.6512336 0.6557766 0.662745 0.6719036 0.6829079 0.6952744 0.7083274 0.7211438 0.7324972 0.7407845 0.7440178 0.7399084 0.7261731 0.7011921 0.6650501 0.6206426 0.5742528 0.5349536 0.5130748 0.5184721 0.5592557 0.641 |label 0 0 0 1
|features 0 0.1750923 0.3336458 0.4757492 0.6014913 0.7109608 0.8042465 0.8814373 0.9426218 0.9878889 1.017327 1.031026 1.029073 1.011557 0.9785686 0.9301948 0.8665249 0.7876475 0.6936517 0.584626 0.4606591 0.32184 0.1682574 0 |label 0 0 0 1
|features 3.854 3.826588 3.746191 3.670333 3.615469 3.57801 3.548398 3.519417 3.489841 3.464504 3.451921 3.46053 3.494763 3.552366 3.624561 3.699395 3.76663 3.821005 3.862332 3.89371 3.919403 3.943548 3.969559 4 |label 1 0 0 0
|features 0 0.04721739 0.09443478 0.1416522 0.1888696 0.2360869 0.2833043 0.3305217 0.3777391 0.4249565 0.4721739 0.5193913 0.5666087 0.6138261 0.6610435 0.7082609 0.7554783 0.8026956 0.8499131 0.8971304 0.9443478 0.9915652 1.038783 1.086 |label 0 0 1 0
|features 2.744 3.040351 3.24039 3.356133 3.40041 3.387094 3.330084 3.241796 3.132174 3.008483 2.875793 2.737517 2.595863 2.452338 2.307837 2.163022 2.018258 1.873802 1.729733 1.586236 1.443324 1.300971 1.159183 1.018 |label 0 1 0 0
|features 2.422 2.580011 2.639164 2.594498 2.455267 2.242293 1.983264 1.707556 1.441651 1.205875 1.012748 0.8669358 0.7665271 0.7052017 0.6747631 0.6674958 0.6778435 0.7029661 0.7417812 0.7920803 0.8451875 0.8773203 0.8362537 0.621 |label 0 1 0 0
|features 1.122 1.111569 1.149444 1.216394 1.316111 1.453636 1.62641 1.822961 2.025569 2.214325 2.37094 2.48144 2.537533 2.536893 2.482908 2.384522 2.256586 2.12059 2.00469 1.940444 1.951569 2.027151 2.067997 1.79 |label 0 1 0 0
|features 1.604 1.069277 0.7013154 0.4632974 0.3282883 0.2736689 0.2779156 0.3198908 0.3800477 0.442625 0.497874 0.5435159 0.5848889 0.6335528 0.7044187 0.8117613 0.9647301 1.163242 1.395441 1.638336 1.863809 2.053117 2.224325 2.479 |label 0 0 1 0
|features 0.971 1.00113 1.031261 1.061391 1.091522 1.121652 1.151783 1.181913 1.212044 1.242174 1.272304 1.302435 1.332565 1.362696 1.392826 1.422956 1.453087 1.483217 1.513348 1.543478 1.573609 1.603739 1.63387 1.664 |label 0 0 1 0
|features 1.227 1.204565 1.18213 1.159696 1.137261 1.114826 1.092391 1.069957 1.047522 1.025087 1.002652 0.9802174 0.9577826 0.9353479 0.912913 0.8904783 0.8680435 0.8456087 0.8231739 0.8007391 0.7783043 0.7558696 0.7334348 0.711 |label 0 1 0 0
|features 1.52 1.453913 1.387826 1.321739 1.255652 1.189565 1.123478 1.057391 0.9913043 0.9252174 0.8591304 0.7930435 0.7269565 0.6608695 0.5947826 0.5286956 0.4626087 0.3965217 0.3304348 0.2643478 0.1982609 0.1321739 0.06608696 0 |label 0 0 0 1
|features 1.844 2.102306 2.19414 2.164992 2.075286 1.969906 1.870382 1.778913 1.687015 1.584308 1.465002 1.331088 1.19225 1.063167 0.959236 0.8918958 0.8647674 0.8716519 0.8972138 0.9208063 0.9234066 0.8969688 0.8546252 0.839 |label 0 1 0 0
|features 1.307 1.409404 1.47116 1.497931 1.4996 1.488173 1.475869 1.473524 1.48936 1.528205 1.591166 1.67576 1.776463 1.885625 1.994651 2.095331 2.181171 2.248544 2.297467 2.331748 2.358258 2.385027 2.417842 2.455 |label 0 0 1 0
|features 0.524 0.6370888 0.7033065 0.7559084 0.8086289 0.8634571 0.9163774 0.9612781 0.9924604 1.005933 0.9998366 0.9742807 0.9308425 0.8720725 0.8010911 0.7215824 0.637908 0.5553053 0.4799157 0.4184092 0.377562 0.3637678 0.3826766 0.439 |label 0 0 0 1
|features 1.06 1.323924 1.405301 1.376673 1.297994 1.214949 1.1588 1.146945 1.184048 1.263852 1.371765 1.488153 1.592023 1.664624 1.692438 1.669064 1.595775 1.480884 1.338542 1.18819 1.056364 0.9830377 1.034803 1.327 |label 0 1 0 0
|features 2.523 2.755441 2.964644 3.140335 3.275426 3.368383 3.421149 3.436594 3.41726 3.365683 3.285764 3.184286 3.071745 2.961928 2.870114 2.810297 2.792209 2.819271 2.888618 2.994144 3.132843 3.313703 3.566783 3.948 |label 1 0 0 0
|features 4 3.788998 3.591775 3.408494 3.239507 3.084894 2.944681 2.818653 2.706369 2.60702 2.519257 2.441182 2.370191 2.303022 2.236143 2.166429 2.092239 2.014073 1.933825 1.851687 1.761366 1.644883 1.467864 1.175 |label 0 1 0 0
|features 0.79 0.8397059 1.013271 1.167722 1.255127 1.272978 1.236803 1.166221 1.07866 0.9871384 0.8999733 0.8213329 0.7520817 0.6907257 0.6343743 0.5796758 0.5236759 0.4645687 0.4023829 0.3397999 0.2835449 0.2471176 0.256014 0.357 |label 0 0 0 1
|features 0.5 0.8681993 1.042942 1.105408 1.10749 1.07994 1.038966 0.9914768 0.9390677 0.8809525 0.8159732 0.7437845 0.6653625 0.5829942 0.4997106 0.4186899 0.342559 0.2730354 0.210905 0.1561515 0.108307 0.06672217 0.03079232 0 |label 0 0 0 1
|features 2.112 2.176956 2.242481 2.320558 2.418369 2.535666 2.664765 2.792441 2.902848 2.980904 3.015496 3.001803 2.942261 2.84565 2.724128 2.589373 2.449519 2.308446 2.167114 2.025058 1.881701 1.736684 1.590021 1.442 |label 0 1 0 0
|features 0.771 0.54813 0.4009675 0.3089412 0.2544689 0.223378 0.2049786 0.1918688 0.179549 0.1659107 0.1506651 0.1347665 0.1198814 0.1079481 0.1008661 0.1003463 0.1079507 0.125341 0.1547517 0.1996959 0.2659072 0.3625139 0.5034376 0.709 |label 0 0 0 1
|features 1.756 1.754478 1.752957 1.751435 1.749913 1.748391 1.74687 1.745348 1.743826 1.742304 1.740783 1.739261 1.737739 1.736217 1.734696 1.733174 1.731652 1.73013 1.728609 1.727087 1.725565 1.724043 1.722522 1.721 |label 0 0 1 0
|features 1.805 1.662672 1.530962 1.410172 1.300761 1.203053 1.117383 1.043989 0.9830182 0.9344445 0.897955 0.8728983 0.8581173 0.8518458 0.8516623 0.8545471 0.8570499 0.8553089 0.8444191 0.8167257 0.7591444 0.650004 0.4558398 0.128 |label 0 0 0 1
|features 2.17 1.999473 1.921255 1.879968 1.855744 1.838621 1.822675 1.803941 1.779566 1.747378 1.705692 1.653215 1.589079 1.512825 1.42461 1.325355 1.21695 1.102283 0.9850226 0.868311 0.7520582 0.6290166 0.4805686 0.274 |label 0 1 0 0
|features 1.411 1.418957 1.426913 1.43487 1.442826 1.450783 1.458739 1.466696 1.474652 1.482609 1.490565 1.498522 1.506478 1.514435 1.522391 1.530348 1.538304 1.546261 1.554217 1.562174 1.57013 1.578087 1.586043 1.594 |label 0 0 1 0
|features 1.674 1.637435 1.60087 1.564304 1.527739 1.491174 1.454609 1.418043 1.381478 1.344913 1.308348 1.271783 1.235217 1.198652 1.162087 1.125522 1.088956 1.052391 1.015826 0.9792609 0.9426957 0.9061304 0.8695652 0.833 |label 0 0 0 1
|features 2.113 2.274716 2.53491 2.797469 2.999035 3.105447 3.107172 3.014093 2.849956 2.646786 2.439547 2.261234 2.138649 2.089062 2.118016 2.218565 2.372219 2.551839 2.726564 2.868555 2.960846 3.00479 3.024489 3.064 |label 1 0 0 0
|features 3.871 3.897252 3.893298 3.861998 3.814896 3.760659 3.702388 3.639096 3.568388 3.488753 3.400808 3.307495 3.21355 3.124673 3.046791 2.985604 2.946406 2.933928 2.951863 3.001696 3.080754 3.17989 3.282131 3.365 |label 1 0 0 0
|features 1.896 1.577227 1.352829 1.209496 1.122221 1.069988 1.03934 1.022071 1.013014 1.008713 1.006688 1.005012 1.002057 0.9963394 0.9864001 0.9707354 0.9477786 0.9159798 0.8742393 0.8233362 0.7703772 0.7413631 0.8062949 1.093 |label 0 0 0 1
|features 0.98 1.156119 1.212739 1.215122 1.183748 1.119482 1.020346 0.8912549 0.7469668 0.6081771 0.4933038 0.4120333 0.3648622 0.3468837 0.3516206 0.3731391 0.4067147 0.4488362 0.4969782 0.5493572 0.6047043 0.6621456 0.7210549 0.781 |label 0 0 0 1
|features 0.174 1.042313 1.588189 1.933996 2.165392 2.331981 2.454573 2.535472 2.568832 2.549029 2.475975 2.357208 2.207283 2.045404 1.892346 1.76753 1.686676 1.659894 1.689514 1.766593 1.865123 1.933738 1.886554 1.598 |label 0 0 1 0
|features 2.78 2.390551 2.152202 1.985125 1.849214 1.728699 1.621879 1.533885 1.471531 1.439883 1.440341 1.470015 1.522097 1.586823 1.652659 1.707443 1.739395 1.73818 1.696328 1.611374 1.488667 1.343964 1.20318 1.094 |label 0 1 0 0
|features 1.601 1.275035 1.018748 0.8366577 0.7208715 0.6578423 0.6329721 0.633437 0.6495767 0.6751721 0.706916 0.7433614 0.7836094 0.8259827 0.8669059 0.9001971 0.916953 0.9061893 0.8563809 0.7580214 0.6073058 0.4110165 0.1926751 0 |label 0 0 0 1
|features 0.262 0.197817 0.1717981 0.1650249 0.1642703 0.1613718 0.1526101 0.137765 0.1187487 0.0981354 0.0781316 0.06015171 0.04486752 0.03241331 0.02261991 0.01516994 0.009690576 0.00581622 0.003208444 0.001566536 0.0006307183 0.0001784429 2.133294E-05 0 |label 0 0 1 0
|features 0.823 0.9313484 0.9917694 1.017195 1.016346 0.9955942 0.9599789 0.9137297 0.8606405 0.8043111 0.748318 0.6963451 0.652302 0.6203589 0.6048546 0.6099898 0.6389687 0.6921638 0.7635676 0.834927 0.8682644 0.8005232 0.5452328 0 |label 0 1 0 0
|features 3.423 3.248388 3.075491 2.904345 2.735259 2.568451 2.404326 2.24338 2.086381 1.934422 1.788967 1.652205 1.527158 1.417886 1.329675 1.268603 1.240466 1.248581 1.290947 1.357711 1.429778 1.478363 1.464524 1.338 |label 0 1 0 0
|features 2.349 2.53079 2.661037 2.733502 2.76099 2.762159 2.753664 2.746469 2.745161 2.749139 2.75471 2.75731 2.753299 2.741036 2.721181 2.696389 2.670703 2.649035 2.637037 2.641452 2.670607 2.734013 2.839132 2.982 |label 1 0 0 0
|features 1.339 1.280783 1.222565 1.164348 1.10613 1.047913 0.9896957 0.9314783 0.8732609 0.8150434 0.7568261 0.6986087 0.6403913 0.5821739 0.5239565 0.4657391 0.4075217 0.3493043 0.2910869 0.2328696 0.1746522 0.1164348 0.05821739 0 |label 0 0 0 1
|features 0 0.1099515 0.2048056 0.2979626 0.3964306 0.5032761 0.6194294 0.7449201 0.8796135 1.023523 1.176766 1.339227 1.510009 1.686712 1.864627 2.035894 2.188674 2.306412 2.367233 2.343523 2.201756 1.902609 1.401415 0.649 |label 0 0 1 0
|features 0 0.128315 0.2412525 0.3357929 0.4132809 0.477042 0.5306774 0.5769542 0.6172073 0.6511694 0.6771467 0.6924554 0.6940361 0.6791641 0.6461694 0.5950857 0.5281436 0.4500238 0.3677894 0.2904114 0.2278052 0.1892944 0.1814182 0.205 |label 0 0 1 0
|features 3.372 3.353987 3.327603 3.29228 3.247472 3.192604 3.127156 3.05068 2.962926 2.863986 2.754444 2.63583 2.511004 2.384703 2.264179 2.159207 2.081231 2.040858 2.044275 2.089955 2.16728 2.257104 2.332978 2.362 |label 1 0 0 0
|features 3.697 3.670087 3.643174 3.616261 3.589348 3.562435 3.535522 3.508609 3.481696 3.454783 3.42787 3.400957 3.374043 3.347131 3.320217 3.293304 3.266391 3.239478 3.212565 3.185652 3.158739 3.131826 3.104913 3.078 |label 1 0 0 0
|features 1.131 0.8777044 0.7594433 0.6855553 0.6362219 0.6030582 0.581585 0.5690719 0.563713 0.5642364 0.5697083 0.5794179 0.592811 0.6094422 0.6289536 0.6510417 0.6754624 0.7019989 0.7304717 0.7607213 0.7926122 0.8260258 0.8608523 0.897 |label 0 1 0 0
|features 3.164 3.221171 3.266434 3.287927 3.285821 3.263292 3.22361 3.169951 3.10594 3.035916 2.964582 2.896096 2.832883 2.7746 2.717672 2.655805 2.581751 2.490385 2.382781 2.270435 2.177918 2.141021 2.195727 2.351 |label 1 0 0 0
|features 2.936 2.549196 2.172566 1.831973 1.559536 1.369202 1.254361 1.19904 1.186634 1.203249 1.238045 1.282662 1.330495 1.37613 1.414878 1.442506 1.455023 1.44871 1.420585 1.370065 1.303723 1.247164 1.263602 1.451 |label 0 1 0 0
|features 0.637 0.5993674 0.5665598 0.5385814 0.5154368 0.4971303 0.4836664 0.4750496 0.4712842 0.4723748 0.4783257 0.4891414 0.5048264 0.5253851 0.5508218 0.5811411 0.6163474 0.6564451 0.7014387 0.7513326 0.8061312 0.8658391 0.9304605 1 |label 0 0 0 1
|features 0.892 0.9123034 0.8812975 0.8268857 0.7678919 0.7138661 0.6687422 0.6337683 0.6089429 0.5937726 0.5875777 0.589648 0.5993041 0.6159179 0.6389262 0.6678267 0.7021697 0.741552 0.7856179 0.8340275 0.8865234 0.9428475 1.002738 1.066 |label 0 0 0 1
|features 0.822 0.7535486 0.6917742 0.6376506 0.5924148 0.5574771 0.534543 0.525633 0.5331495 0.5598971 0.6091052 0.6842959 0.7890133 0.9262445 1.097186 1.299618 1.525799 1.761183 1.9847 2.171373 2.29551 2.332975 2.26168 2.061 |label 0 0 1 0
|features 0.87 0.6152838 0.4955753 0.4262225 0.3716158 0.3226583 0.2815091 0.2523081 0.2365127 0.2315441 0.2316591 0.2300929 0.2215649 0.2042404 0.1802253 0.1542421 0.1312065 0.114297 0.1044707 0.1010436 0.1025683 0.1074585 0.114309 0.122 |label 0 0 0 1
|features 2.483 2.605615 2.708554 2.790229 2.848791 2.882351 2.888901 2.866428 2.813051 2.727296 2.608451 2.457344 2.277292 2.075388 1.864113 1.661972 1.49232 1.378446 1.335557 1.36231 1.435915 1.511554 1.523871 1.388 |label 0 1 0 0
|features 0.405 0.6145425 0.7593124 0.8708736 0.9640435 1.046014 1.120739 1.190714 1.257721 1.323178 1.388282 1.454177 1.522018 1.593017 1.668567 1.75031 1.840207 1.9407 2.054704 2.185261 2.333742 2.493432 2.634768 2.697 |label 0 0 1 0
|features 0.683 0.7446731 0.796034 0.8367721 0.8665652 0.8852165 0.8926495 0.8890043 0.874742 0.8508126 0.8188522 0.7814919 0.7426538 0.7077927 0.6838783 0.678615 0.698576 0.7462574 0.8171111 0.8982943 0.9698376 1.007333 0.9845079 0.875 |label 0 0 1 0
|features 2.427 2.443697 2.480254 2.524076 2.561699 2.583055 2.583194 2.562216 2.524022 2.474456 2.419284 2.362379 2.304394 2.242117 2.168598 2.074069 1.94757 1.779118 1.562163 1.295973 0.9875278 0.6523786 0.3138675 0 |label 0 1 0 0
|features 1.74 1.964233 2.071285 2.100611 2.091793 2.067613 2.038482 2.008697 1.979746 1.951776 1.924242 1.896146 1.866133 1.832496 1.793089 1.745212 1.685477 1.609621 1.512627 1.38989 1.242504 1.096035 1.047558 1.313 |label 0 1 0 0
|features 2.777 2.110576 1.747828 1.523262 1.367715 1.251925 1.161671 1.089119 1.031146 0.9895621 0.9708398 0.984494 1.040166 1.143872 1.294099 1.478516 1.672173 1.838076 1.9309 1.90425 1.720886 1.363628 0.8416194 0.182 |label 0 1 0 0
|features 3.684 3.582468 3.535413 3.463567 3.3305 3.13924 2.918586 2.707313 2.540855 2.442562 2.419967 2.465525 2.560664 2.681788 2.806751 2.920419 3.018092 3.105808 3.197009 3.305714 3.437354 3.580053 3.70139 3.759 |label 1 0 0 0
|features 2.44 2.126241 2.064482 2.083858 2.098423 2.074624 2.009132 1.9134 1.802862 1.68981 1.579514 1.469402 1.351107 1.214637 1.053894 0.8713545 0.6801854 0.5014092 0.3563668 0.2582248 0.2075085 0.1938613 0.2015887 0.215 |label 0 0 0 1
|features 1.017 0.7458631 0.5645351 0.4699557 0.4488733 0.4804625 0.543218 0.6201084 0.699879 0.7758225 0.8443925 0.9038758 0.9536542 0.9936758 1.024225 1.045724 1.058669 1.063567 1.060919 1.051199 1.034851 1.012285 0.9838868 0.95 |label 0 0 1 0
|features 2.209 2.0619 2.15628 2.307668 2.430986 2.499491 2.516723 2.498667 2.463439 2.426092 2.396629 2.379813 2.375874 2.381588 2.391545 2.399572 2.400405 2.391733 2.376803 2.367957 2.391847 2.497836 2.77236 3.364 |label 1 0 0 0
|features 4 3.998976 3.995812 3.99036 3.982473 3.971999 3.958801 3.942759 3.923808 3.901973 3.877422 3.85058 3.822253 3.793797 3.767319 3.745745 3.732655 3.73169 3.745612 3.775409 3.819872 3.875719 3.937926 4 |label 1 0 0 0
|features 2.581 2.50133 2.425182 2.375634 2.363383 2.390009 2.450813 2.537241 2.63893 2.745382 2.847284 2.937471 3.011545 3.068128 3.108754 3.137372 3.159447 3.180617 3.204896 3.232367 3.256321 3.259806 3.211522 3.061 |label 1 0 0 0
|features 3.167 2.706172 2.416819 2.253998 2.179557 2.16325 2.182746 2.222834 2.274101 2.331341 2.391896 2.454107 2.516033 2.574535 2.624818 2.660454 2.673929 2.657661 2.605451 2.514273 2.386284 2.230887 2.066671 1.923 |label 1 0 0 0
|features 3.119 2.982101 2.839014 2.708487 2.57525 2.426986 2.263665 2.094721 1.933079 1.790465 1.67542 1.593616 1.549314 1.546591 1.589356 1.679698 1.814776 1.983009 2.160643 2.309782 2.378568 2.303339 2.011249 1.42 |label 0 0 1 0
|features 2.267 2.322404 2.373642 2.420483 2.462616 2.499775 2.531672 2.558051 2.578689 2.593453 2.602362 2.605654 2.603904 2.598098 2.58963 2.580035 2.570271 2.559452 2.543367 2.51338 2.456171 2.354069 2.185489 1.925 |label 0 1 0 0
|features 0.919 0.6956556 0.6008977 0.5662922 0.5514483 0.5351219 0.5084691 0.4700994 0.4226026 0.3702559 0.3176452 0.2689632 0.2277774 0.1970891 0.1795333 0.1775996 0.1937825 0.2305981 0.2904344 0.3752303 0.4860084 0.622315 0.7816502 0.959 |label 0 0 0 1
|features 0.387 0.4059131 0.4248261 0.4437391 0.4626522 0.4815652 0.5004783 0.5193913 0.5383043 0.5572174 0.5761304 0.5950435 0.6139565 0.6328695 0.6517826 0.6706957 0.6896087 0.7085217 0.7274348 0.7463478 0.7652609 0.7841739 0.8030869 0.822 |label 0 0 1 0
|features 1.839 1.74854 1.671792 1.609211 1.561334 1.528599 1.511411 1.510065 1.524697 1.555189 1.601089 1.661449 1.734739 1.81884 1.91117 2.009305 2.111902 2.219748 2.335817 2.463725 2.60446 2.752533 2.8922 2.994 |label 1 0 0 0
|features 0.716 0.7748401 0.8274354 0.8729389 0.9108643 0.9409033 0.9628814 0.9767663 0.9826553 0.980821 0.9717722 0.9563406 0.9358162 0.9121397 0.8881533 0.8679447 0.8572185 0.8635051 0.8957855 0.9625689 1.067266 1.201039 1.336146 1.424 |label 0 0 0 1
|features 3.569 3.319455 3.034661 2.785638 2.602043 2.487285 2.429898 2.411586 2.412725 2.415834 2.407502 2.379169 2.327086 2.251705 2.156881 2.0489 1.935902 1.827594 1.735157 1.670925 1.647365 1.675609 1.764278 1.919 |label 0 1 0 0
|features 1.716 1.423451 1.211975 1.095731 1.069189 1.11039 1.194583 1.300275 1.409993 1.509592 1.58743 1.634147 1.64293 1.610769 1.54055 1.443502 1.340044 1.256207 1.215439 1.230992 1.304198 1.427906 1.5913 1.783 |label 0 0 1 0
|features 0.519 0.5485652 0.5781304 0.6076956 0.6372609 0.6668261 0.6963913 0.7259565 0.7555217 0.7850869 0.8146521 0.8442174 0.8737826 0.9033478 0.9329131 0.9624783 0.9920435 1.021609 1.051174 1.080739 1.110304 1.13987 1.169435 1.199 |label 0 0 1 0
|features 3.188 3.112383 2.983185 2.887244 2.85161 2.869157 2.917288 2.970541 3.007983 3.016438 2.990642 2.931454 2.843223 2.73126 2.60021 2.453833 2.296344 2.135117 1.984057 1.866548 1.816363 1.874563 2.080027 2.451 |label 1 0 0 0
|features 1.547 1.484217 1.421435 1.358652 1.29587 1.233087 1.170304 1.107522 1.044739 0.9819565 0.9191739 0.8563913 0.7936087 0.7308261 0.6680435 0.6052608 0.5424783 0.4796956 0.416913 0.3541304 0.2913478 0.2285652 0.1657826 0.103 |label 0 0 0 1
|features 4 3.071194 2.393931 1.923732 1.623032 1.454601 1.380963 1.366514 1.38047 1.399561 1.409847 1.407305 1.39695 1.390451 1.402434 1.445889 1.527487 1.643855 1.78004 1.911305 2.008831 2.04873 2.021656 1.937 |label 0 0 1 0
|features 2.254 1.509833 1.149795 0.9783507 0.905641 0.8913728 0.9147013 0.9607722 1.016766 1.072318 1.120982 1.16092 1.194195 1.224877 1.256723 1.291339 1.327677 1.363408 1.398254 1.438849 1.504278 1.631183 1.877436 2.324 |label 0 0 1 0
|features 2.913 2.857868 2.815075 2.785057 2.768248 2.764958 2.775355 2.799362 2.836519 2.885779 2.94528 3.011931 3.081052 3.146064 3.198473 3.228876 3.229357 3.197436 3.140216 3.076571 3.036282 3.057204 3.182507 3.459 |label 1 0 0 0
|features 0.979 0.9311767 0.8835906 0.8368933 0.7919675 0.7498627 0.7119139 0.679768 0.6554763 0.6415433 0.6409551 0.6571443 0.6937398 0.7540038 0.8396299 0.9488962 1.074263 1.200597 1.305259 1.360968 1.339966 1.217548 0.9739473 0.595 |label 0 0 1 0
|features 1.658 1.669304 1.680609 1.691913 1.703217 1.714522 1.725826 1.73713 1.748435 1.759739 1.771043 1.782348 1.793652 1.804957 1.816261 1.827565 1.83887 1.850174 1.861478 1.872783 1.884087 1.895391 1.906696 1.918 |label 0 0 1 0
|features 3.645 3.514174 3.383348 3.252522 3.121696 2.99087 2.860044 2.729217 2.598391 2.467565 2.336739 2.205913 2.075087 1.944261 1.813435 1.682609 1.551783 1.420956 1.29013 1.159304 1.028478 0.8976521 0.7668261 0.636 |label 0 1 0 0
|features 2.097 2.077174 2.057348 2.037522 2.017696 1.99787 1.978043 1.958217 1.938391 1.918565 1.898739 1.878913 1.859087 1.839261 1.819435 1.799609 1.779783 1.759956 1.74013 1.720304 1.700478 1.680652 1.660826 1.641 |label 0 0 1 0
|features 1.569 1.118598 0.7888906 0.5589561 0.4139986 0.3425763 0.334783 0.3811691 0.4722136 0.5981827 0.7492344 0.9156492 1.088095 1.257855 1.416972 1.558282 1.675348 1.762301 1.813655 1.824149 1.788726 1.702753 1.562639 1.367 |label 0 0 1 0
|features 3.388 3.391077 3.272042 3.104875 2.931949 2.772416 2.630602 2.503956 2.389407 2.287183 2.20168 2.139742 2.107305 2.105752 2.129306 2.164443 2.19158 2.188387 2.133105 2.005536 1.783182 1.430797 0.8837799 0.03 |label 0 1 0 0
|features 1.373 1.465565 1.55813 1.650696 1.743261 1.835826 1.928391 2.020957 2.113522 2.206087 2.298652 2.391217 2.483783 2.576348 2.668913 2.761478 2.854043 2.946609 3.039174 3.131739 3.224304 3.316869 3.409435 3.502 |label 0 0 1 0
|features 1.407 1.347565 1.28813 1.228696 1.169261 1.109826 1.050391 0.9909565 0.9315217 0.8720869 0.8126522 0.7532174 0.6937826 0.6343478 0.574913 0.5154783 0.4560435 0.3966087 0.3371739 0.2777391 0.2183044 0.1588696 0.09943479 0.04 |label 0 0 0 1
|features 2.982 3.283075 3.465358 3.54041 3.540955 3.505686 3.468876 3.45417 3.472121 3.520674 3.587899 3.656298 3.708122 3.730824 3.721252 3.686533 3.640912 3.600337 3.578062 3.582815 3.619161 3.688661 3.791035 3.925 |label 1 0 0 0
|features 2.159 2.311978 2.450414 2.574052 2.682549 2.775822 2.853939 2.917301 2.96673 3.003687 3.030538 3.050817 3.06956 3.093459 3.130578 3.189228 3.275602 3.390656 3.52765 3.672455 3.80682 3.913174 3.978945 4 |label 1 0 0 0
|features 0.385 0.4064595 0.4450731 0.5013241 0.5755303 0.6678945 0.778328 0.9063905 1.051031 1.210341 1.381311 1.559205 1.737229 1.906234 2.0548 2.170772 2.244329 2.272673 2.264188 2.239557 2.22878 2.265997 2.38464 2.614 |label 1 0 0 0
|features 2.725 2.353041 2.053425 1.833983 1.689748 1.609184 1.57847 1.584205 1.614871 1.661358 1.716821 1.776131 1.835118 1.889793 1.935726 1.96767 1.979566 1.964961 1.917897 1.834268 1.713621 1.561354 1.391215 1.228 |label 0 1 0 0
|features 0.604 0.6840435 0.764087 0.8441305 0.9241739 1.004217 1.084261 1.164304 1.244348 1.324391 1.404435 1.484478 1.564522 1.644565 1.724609 1.804652 1.884696 1.964739 2.044783 2.124826 2.20487 2.284913 2.364957 2.445 |label 0 0 1 0
|features 4 3.743463 3.583221 3.48923 3.437126 3.407709 3.38643 3.362863 3.330173 3.284596 3.224905 3.151901 3.067905 2.97627 2.880912 2.785857 2.694828 2.610844 2.535871 2.470492 2.413635 2.362335 2.311544 2.254 |label 0 1 0 0
|features 3.429 3.174397 2.994704 2.859081 2.749254 2.655516 2.573573 2.502153 2.441291 2.391196 2.351622 2.32165 2.299803 2.284404 2.274094 2.268434 2.268495 2.277373 2.300532 2.345904 2.423663 2.545597 2.723999 2.97 |label 1 0 0 0
|features 0.985 1.194239 1.376539 1.515036 1.599786 1.627986 1.603113 1.533385 1.429895 1.304714 1.169199 1.03268 0.901637 0.7794348 0.6666054 0.5616183 0.4620213 0.3657695 0.2725069 0.1845007 0.1068727 0.0467136 0.01060237 0 |label 0 0 0 1
|features 3.418 3.443304 3.468609 3.493913 3.519217 3.544522 3.569826 3.59513 3.620435 3.645739 3.671043 3.696348 3.721652 3.746957 3.772261 3.797565 3.82287 3.848174 3.873478 3.898782 3.924087 3.949391 3.974696 4 |label 1 0 0 0
|features 0.965 1.173942 1.308081 1.36698 1.362429 1.311779 1.233382 1.143737 1.055973 0.9793384 0.9194227 0.8788377 0.8581664 0.8569962 0.8749062 0.9123103 0.9711034 1.055088 1.170205 1.324625 1.528807 1.795639 2.140867 2.584 |label 0 0 1 0
|features 2.003 1.950348 1.897696 1.845043 1.792391 1.739739 1.687087 1.634435 1.581783 1.52913 1.476478 1.423826 1.371174 1.318522 1.26587 1.213217 1.160565 1.107913 1.055261 1.002609 0.9499565 0.8973044 0.8446522 0.792 |label 0 1 0 0
|features 0 0.1151377 0.1888256 0.2279891 0.2405795 0.2349148 0.2192389 0.2014549 0.1889829 0.1886987 0.2069038 0.249284 0.3208074 0.4255194 0.5661864 0.7437449 0.9565105 1.199102 1.461037 1.72495 1.9644 2.14121 2.202305 2.076 |label 0 0 1 0
|features 2.051 1.483855 1.057941 0.742278 0.5117249 0.3461011 0.2294098 0.1491445 0.09567122 0.06167617 0.04167546 0.03158209 0.02832994 0.029556 0.03334466 0.03804022 0.04213609 0.04425135 0.04320818 0.0382253 0.02924562 0.0174181 0.005756517 0 |label 0 0 0 1
|features 1.769 1.694348 1.619696 1.545043 1.470391 1.395739 1.321087 1.246435 1.171783 1.09713 1.022478 0.9478261 0.8731739 0.7985218 0.7238696 0.6492174 0.5745652 0.499913 0.4252609 0.3506087 0.2759565 0.2013043 0.1266522 0.052 |label 0 1 0 0
|features 1.025 1.389573 1.479676 1.400178 1.234111 1.043889 0.8714283 0.7386475 0.6505358 0.6008477 0.5785418 0.5724261 0.5734355 0.5751238 0.5733133 0.565518 0.5504065 0.5274044 0.4964117 0.4576012 0.4113185 0.3579709 0.2980548 0.232 |label 0 0 0 1
|features 0.156 0.1368627 0.1321383 0.1395269 0.1568089 0.1818449 0.2125758 0.2470228 0.2832874 0.3195513 0.3540765 0.3852053 0.4113603 0.4310443 0.4428405 0.4454121 0.437503 0.4179368 0.3856181 0.339531 0.2787406 0.2023916 0.1097096 0 |label 0 0 0 1
|features 0.678 0.9932851 1.153224 1.232543 1.28633 1.344321 1.414501 1.490436 1.558914 1.606061 1.621292 1.599203 1.539945 1.448754 1.335245 1.212849 1.098545 1.012766 0.9792534 1.024729 1.178639 1.474062 1.952219 2.675 |label 0 0 1 0
|features 0 0.007434783 0.01486957 0.02230435 0.02973913 0.03717391 0.0446087 0.05204348 0.05947826 0.06691305 0.07434782 0.08178261 0.08921739 0.09665217 0.104087 0.1115217 0.1189565 0.1263913 0.1338261 0.1412609 0.1486956 0.1561304 0.1635652 0.171 |label 0 0 0 1
|features 0.483 0.4219485 0.3801344 0.3484522 0.3209479 0.2948001 0.2694384 0.2453159 0.2230572 0.2031643 0.1859148 0.1714315 0.1597208 0.1507286 0.1443572 0.1404945 0.1390194 0.1398108 0.1427511 0.1477285 0.1546375 0.16338 0.1738619 0.186 |label 0 0 0 1
|features 2.499 2.401202 2.228631 2.069122 1.95269 1.88219 1.850104 1.846884 1.864429 1.896933 1.940417 1.991673 2.047045 2.101345 2.147206 2.175159 2.174661 2.136043 2.052846 1.923059 1.746425 1.512918 1.174797 0.591 |label 0 1 0 0
|features 2.341 2.233538 2.130814 2.032956 1.9402 1.852639 1.770334 1.693193 1.620951 1.553047 1.488432 1.425438 1.361474 1.292764 1.214291 1.120067 1.004296 0.8633822 0.6984887 0.5172318 0.3340093 0.1691117 0.04783186 0 |label 0 1 0 0
|features 2.585 2.372122 2.237372 2.097051 1.928626 1.742552 1.563281 1.417057 1.324761 1.298471 1.340666 1.445199 1.599232 1.78547 1.984117 2.174213 2.334291 2.442768 2.479067 2.427352 2.28575 2.085313 1.924511 2.027 |label 0 0 1 0
|features 2.858 2.835849 2.723152 2.585822 2.444879 2.305001 2.169014 2.042878 1.935217 1.85453 1.806262 1.790972 1.804038 1.836757 1.878368 1.918368 1.948575 1.96445 1.965248 1.952313 1.924128 1.865252 1.723776 1.368 |label 0 0 1 0
|features 3.523 2.863378 2.538325 2.363894 2.237373 2.114063 1.986016 1.864494 1.766773 1.707149 1.69177 1.716862 1.769823 1.832867 1.888599 1.925524 1.940994 1.940093 1.931982 1.926317 1.931205 1.952581 1.994386 2.059 |label 0 0 1 0
|features 0 0.009195467 0.0283435 0.04929423 0.06971096 0.09012139 0.111335 0.1338087 0.1577194 0.1830822 0.2098562 0.2379563 0.2673006 0.2977999 0.3293803 0.3619705 0.3954916 0.4298962 0.4651189 0.5011162 0.5378402 0.5752535 0.6133182 0.652 |label 0 0 1 0
|features 0 0.5028582 0.8314707 1.032885 1.154013 1.227883 1.275018 1.307627 1.333028 1.355634 1.378153 1.40227 1.429006 1.458992 1.492603 1.530045 1.57141 1.616715 1.665935 1.718986 1.775822 1.836349 1.900437 1.968 |label 0 0 1 0
|features 0.812 1.009603 1.076769 1.075706 1.03741 0.9767826 0.9020742 0.8200913 0.7383919 0.6655356 0.6102814 0.5804586 0.582038 0.6187092 0.6920166 0.8018187 0.9465334 1.122313 1.319982 1.518282 1.671746 1.69136 1.416159 0.574 |label 0 0 1 0
|features 2.728 3.081323 3.073644 2.870301 2.57843 2.266194 1.97614 1.733601 1.551486 1.432809 1.372193 1.357255 1.370464 1.391675 1.401276 1.383634 1.330392 1.243111 1.134781 1.02976 0.9617766 0.9695699 1.089624 1.345 |label 0 1 0 0
|features 1.69 1.581027 1.474111 1.375014 1.287798 1.21475 1.156749 1.113638 1.084715 1.068994 1.065387 1.072821 1.090283 1.116846 1.151677 1.194033 1.243244 1.298738 1.359978 1.42651 1.497933 1.573865 1.653989 1.738 |label 0 0 1 0
|features 0.993 0.9359432 0.8960572 0.8692083 0.8517038 0.8402917 0.8321614 0.8249429 0.8167077 0.8059676 0.7916761 0.7732272 0.7504561 0.723639 0.6934929 0.6611761 0.6282877 0.5968679 0.5693976 0.5487992 0.5384356 0.542111 0.5640704 0.609 |label 0 0 0 1
|features 1.029 0.9842609 0.9395217 0.8947826 0.8500435 0.8053043 0.7605652 0.7158261 0.671087 0.6263478 0.5816087 0.5368696 0.4921304 0.4473913 0.4026522 0.357913 0.3131739 0.2684348 0.2236957 0.1789565 0.1342174 0.08947826 0.04473913 0 |label 0 0 0 1
|features 3.216 2.939196 2.849366 2.86009 2.919403 2.992986 3.057979 3.101228 3.118448 3.112731 3.092027 3.066015 3.043046 3.027929 3.021111 3.019476 3.018593 3.015794 3.012964 3.017506 3.039418 3.08196 3.122817 3.082 |label 1 0 0 0
|features 1.208 1.261391 1.314783 1.368174 1.421565 1.474957 1.528348 1.581739 1.63513 1.688522 1.741913 1.795304 1.848696 1.902087 1.955478 2.00887 2.062261 2.115652 2.169044 2.222435 2.275826 2.329217 2.382609 2.436 |label 0 0 1 0
|features 3.105 2.926148 2.733631 2.541105 2.359177 2.19091 2.036006 1.893415 1.762209 1.641817 1.532149 1.433538 1.346853 1.273643 1.216305 1.178485 1.165722 1.18651 1.254237 1.390436 1.629493 2.020215 2.603133 3.349 |label 0 0 1 0
|features 2.252 2.168913 2.085826 2.002739 1.919652 1.836565 1.753478 1.670391 1.587304 1.504217 1.42113 1.338043 1.254956 1.17187 1.088783 1.005696 0.9226087 0.8395218 0.7564348 0.6733478 0.5902609 0.5071739 0.424087 0.341 |label 0 1 0 0
|features 0.679 0.5814976 0.4913036 0.4191347 0.3616072 0.3149032 0.2763378 0.2440979 0.2169172 0.193893 0.174344 0.1577637 0.1437441 0.13197 0.1221803 0.1141602 0.1077325 0.1027474 0.09907465 0.09660482 0.09524139 0.09490066 0.09550866 0.097 |label 0 0 0 1
|features 2.11 1.878309 1.785852 1.778824 1.816275 1.867129 1.91089 1.937831 1.946559 1.940122 1.922916 1.899088 1.872052 1.84456 1.819013 1.797907 1.784449 1.783535 1.803467 1.859136 1.977553 2.205021 2.605754 3.23 |label 0 1 0 0
|features 2.693 2.228185 1.936161 1.767534 1.703118 1.730891 1.835332 1.994972 2.184556 2.378981 2.557061 2.704031 2.812469 2.881903 2.917737 2.930201 2.933846 2.947608 2.994687 3.100485 3.285619 3.549726 3.840355 4 |label 1 0 0 0
|features 0.418 0.5730758 0.8177843 1.116958 1.432381 1.732541 1.996056 2.21152 2.375644 2.490843 2.562913 2.599039 2.606212 2.590032 2.55393 2.498931 2.42419 2.328586 2.213618 2.08757 1.970391 1.897791 1.921679 2.102 |label 1 0 0 0
|features 3.691 3.003154 2.484299 2.095895 1.808244 1.598618 1.449683 1.348178 1.283849 1.248586 1.235762 1.239724 1.255426 1.278175 1.303452 1.326793 1.343689 1.349489 1.339269 1.307635 1.248439 1.15437 1.016393 0.823 |label 0 1 0 0
|features 1.189 1.269569 1.361211 1.460693 1.564787 1.67026 1.773884 1.872427 1.962658 2.041348 2.105264 2.151179 2.175859 2.176076 2.148598 2.090195 1.997636 1.867691 1.697129 1.48272 1.221233 0.9094378 0.5441036 0.122 |label 0 1 0 0
|features 2.089 2.008696 1.928391 1.848087 1.767783 1.687478 1.607174 1.52687 1.446565 1.366261 1.285957 1.205652 1.125348 1.045043 0.9647391 0.8844348 0.8041304 0.7238261 0.6435217 0.5632174 0.482913 0.4026087 0.3223043 0.242 |label 0 1 0 0
|features 1.369 1.183795 1.036216 0.9159181 0.8161071 0.7315727 0.6579751 0.5919476 0.5311399 0.4740731 0.4199804 0.368608 0.320117 0.275083 0.2345245 0.200032 0.1740638 0.1603818 0.1649074 0.1970986 0.2720196 0.4124404 0.6481632 1.012 |label 0 0 0 1
|features 0.633 0.6054783 0.5779565 0.5504348 0.522913 0.4953913 0.4678696 0.4403478 0.4128261 0.3853044 0.3577826 0.3302609 0.3027391 0.2752174 0.2476957 0.2201739 0.1926522 0.1651304 0.1376087 0.110087 0.08256522 0.05504348 0.02752174 0 |label 0 0 0 1
|features 0.32 0.2948374 0.3073377 0.3455531 0.399686 0.4614998 0.5238681 0.5806262 0.6265034 0.6571472 0.6693025 0.6611469 0.632727 0.5864066 0.527232 0.4628953 0.4027589 0.3561056 0.3295536 0.3246112 0.3363229 0.3534345 0.3598677 0.337 |label 0 0 1 0
|features 3.136 2.832628 2.58783 2.413183 2.288035 2.186214 2.088358 1.985745 1.879546 1.777922 1.692424 1.634506 1.612601 1.630032 1.683959 1.765532 1.861386 1.956453 2.03785 2.099152 2.143749 2.185147 2.240961 2.316 |label 1 0 0 0
|features 1.264 1.76363 1.870582 1.80544 1.687623 1.576764 1.498372 1.4595 1.458158 1.488816 1.545313 1.621992 1.713538 1.813971 1.9153 2.00648 2.07343 2.100863 2.076562 1.998335 1.883189 1.777254 1.763454 1.962 |label 0 1 0 0
|features 0.243 0.4660346 0.6776944 0.8764564 1.060869 1.229067 1.379051 1.508687 1.615658 1.697684 1.752682 1.779072 1.77615 1.744486 1.686222 1.605045 1.505945 1.394606 1.276674 1.157156 1.040195 0.9288806 0.8253692 0.731 |label 0 0 0 1
|features 1.051 1.019917 0.9882325 0.955947 0.9230605 0.8895728 0.8554839 0.8207939 0.7855029 0.7496106 0.7131172 0.6760227 0.638327 0.6000302 0.5611323 0.5216333 0.4815331 0.4408318 0.3995293 0.3576257 0.315121 0.2720151 0.2283081 0.184 |label 0 0 0 1
|features 1.872 1.205181 0.8866758 0.7999544 0.868649 1.037467 1.261459 1.501578 1.724299 1.903236 2.021056 2.07049 2.053823 1.980836 1.865645 1.723291 1.567093 1.407723 1.254591 1.119399 1.020633 0.9861764 1.049207 1.23 |label 0 0 1 0
|features 2.28 2.364335 2.423398 2.457033 2.466726 2.451475 2.408629 2.336489 2.236628 2.114942 1.981078 1.846464 1.721586 1.61309 1.521734 1.44161 1.361615 1.268776 1.152385 1.006973 0.832642 0.6331196 0.4131666 0.177 |label 0 0 0 1
|features 2.383 2.624888 2.740712 2.794445 2.814961 2.816335 2.807138 2.793529 2.779638 2.767359 2.756607 2.74636 2.736153 2.727306 2.723097 2.727629 2.744186 2.77428 2.817792 2.873763 2.941018 3.018575 3.105723 3.202 |label 1 0 0 0
|features 0.272 0.3055745 0.3074159 0.2907115 0.2659506 0.2409303 0.2209356 0.2090523 0.2065748 0.2134689 0.2288507 0.2514414 0.2799605 0.3134154 0.3512509 0.3933174 0.4396192 0.4898036 0.5423509 0.5934278 0.6353617 0.6546999 0.6298124 0.528 |label 0 0 1 0
|features 2.955 2.989 3.023 3.057 3.091 3.125 3.159 3.193 3.227 3.261 3.295 3.329 3.363 3.397 3.431 3.465 3.499 3.533 3.567 3.601 3.635 3.669 3.703 3.737 |label 1 0 0 0
|features 1.386 2.008539 2.360792 2.50884 2.522032 2.461416 2.376249 2.303143 2.265699 2.27433 2.32677 2.409863 2.502884 2.582178 2.626409 2.62135 2.56298 2.457679 2.318439 2.156219 1.965563 1.703256 1.257743 0.405 |label 0 1 0 0
|features 4 3.968279 3.884626 3.768821 3.640488 3.51609 3.407331 3.32067 3.257655 3.215849 3.190096 3.173938 3.160995 3.146147 3.126382 3.101205 3.0725 3.043804 3.018919 2.999871 2.984195 2.961588 2.909964 2.791 |label 1 0 0 0
|features 0.968 0.9950435 1.022087 1.04913 1.076174 1.103217 1.130261 1.157304 1.184348 1.211391 1.238435 1.265478 1.292522 1.319565 1.346609 1.373652 1.400696 1.427739 1.454783 1.481826 1.50887 1.535913 1.562957 1.59 |label 0 0 1 0
|features 1.104 1.05683 0.9488498 0.81073 0.6664171 0.5339612 0.4254344 0.3468945 0.2993836 0.2802749 0.2850102 0.3083658 0.345187 0.3906963 0.4405391 0.4905908 0.5368209 0.5749092 0.5998396 0.6051185 0.5813563 0.512916 0.3682565 0.054 |label 0 0 0 1
|features 0.773 0.9505623 0.9303051 0.8264498 0.7086377 0.6122583 0.5500822 0.5230155 0.5285183 0.5658863 0.6381855 0.7511361 0.909676 1.113259 1.351171 1.599255 1.819398 1.962955 1.978928 1.827169 1.496112 1.023544 0.5176483 0.174 |label 0 0 1 0
|features 0 0.0243913 0.04878261 0.07317391 0.09756522 0.1219565 0.1463478 0.1707391 0.1951304 0.2195217 0.243913 0.2683043 0.2926956 0.317087 0.3414783 0.3658696 0.3902609 0.4146522 0.4390435 0.4634348 0.4878261 0.5122174 0.5366087 0.561 |label 0 0 0 1
|features 0.203 0.1996073 0.2892924 0.3881255 0.4746011 0.5457532 0.6026418 0.6469828 0.68041 0.7043073 0.7198358 0.7279447 0.7294307 0.7249579 0.7150889 0.7003016 0.6810089 0.6575733 0.6302984 0.5994661 0.5653135 0.5280593 0.4878984 0.445 |label 0 0 0 1
|features 3.734 2.631868 2.112698 1.954975 1.997297 2.129706 2.281447 2.409481 2.489721 2.511313 2.473318 2.382736 2.252795 2.100742 1.944846 1.80088 1.678732 1.580049 1.497576 1.416154 1.313881 1.159617 0.8996857 0.422 |label 0 1 0 0
|features 0.063 0.4231004 0.6198869 0.7100119 0.7335205 0.7187587 0.6857688 0.6485457 0.6164794 0.5952579 0.5874574 0.5929953 0.6095729 0.633185 0.6587248 0.6806613 0.6937189 0.6934385 0.676449 0.640231 0.5821025 0.497108 0.3744435 0.192 |label 0 0 1 0
|features 0.115 0.101301 0.1201563 0.1503383 0.1812447 0.2110319 0.2438855 0.2865697 0.3451569 0.4232148 0.5213867 0.6379582 0.7695812 0.9119499 1.060214 1.208903 1.352075 1.482762 1.59246 1.669814 1.698137 1.649618 1.467995 0.987 |label 0 0 1 0
|features 0.727 1.249222 1.466788 1.492067 1.42379 1.335017 1.270374 1.248746 1.268907 1.316399 1.370554 1.410836 1.421916 1.397026 1.33924 1.26052 1.178525 1.111441 1.071378 1.057111 1.047251 0.9950136 0.8257381 0.438 |label 0 1 0 0
|features 0.607 0.3679037 0.2208494 0.1607407 0.1848798 0.2794904 0.4190733 0.5777544 0.7373936 0.8879606 1.024842 1.14638 1.252387 1.343407 1.420291 1.483951 1.535304 1.575227 1.604522 1.623926 1.634103 1.635653 1.629121 1.615 |label 0 0 1 0
|features 1.304 1.216164 1.15998 1.135807 1.12317 1.099015 1.047115 0.9613187 0.8448979 0.7078224 0.5633376 0.4247984 0.3033309 0.2065545 0.1383283 0.09926878 0.08764169 0.1001329 0.131959 0.17576 0.2187098 0.2372617 0.1888838 0 |label 0 0 0 1
|features 0.992 0.7723783 0.6384831 0.5852119 0.5973591 0.6561648 0.7433359 0.8431901 0.943482 1.035385 1.113016 1.172797 1.212873 1.232703 1.232862 1.215005 1.181857 1.13699 1.0841 1.025355 0.9583408 0.8710365 0.7341386 0.49 |label 0 0 1 0
|features 2.432 2.345622 2.285171 2.237853 2.198606 2.168547 2.152995 2.159364 2.195138 2.266134 2.375162 2.521214 2.699199 2.900261 3.112614 3.322835 3.517479 3.684834 3.816628 3.909392 3.965207 3.991468 3.999272 4 |label 1 0 0 0
|features 2.112 2.040538 2.028463 2.009684 1.950658 1.845917 1.709136 1.561512 1.422052 1.303551 1.212876 1.152962 1.124661 1.127953 1.162658 1.228763 1.326503 1.456117 1.616998 1.805619 2.009955 2.198011 2.302018 2.221 |label 0 0 1 0
|features 4 3.890756 3.81354 3.762743 3.731334 3.711623 3.695946 3.677264 3.649664 3.608754 3.551935 3.478553 3.38991 3.289123 3.180829 3.070722 2.964909 2.869075 2.787454 2.721589 2.668869 2.62084 2.561276 2.464 |label 1 0 0 0
|features 3.178 2.974093 2.912478 2.939739 3.012024 3.092275 3.150805 3.166678 3.128478 3.033995 2.888899 2.704717 2.496782 2.282382 2.079843 1.907866 1.785706 1.732893 1.768118 1.907226 2.161056 2.534425 3.026883 3.634 |label 1 0 0 0
|features 1.5 1.499349 1.43934 1.356948 1.272158 1.191276 1.115079 1.042767 0.9732444 0.9054669 0.8385473 0.7716969 0.7042279 0.6355548 0.5651462 0.4925572 0.4175076 0.3399519 0.260412 0.1806338 0.1049898 0.04270301 0.007033617 0 |label 0 0 0 1
|features 1.849 1.821522 1.794043 1.766565 1.739087 1.711609 1.68413 1.656652 1.629174 1.601696 1.574217 1.546739 1.519261 1.491783 1.464304 1.436826 1.409348 1.38187 1.354391 1.326913 1.299435 1.271957 1.244478 1.217 |label 0 0 1 0
|features 2.437 2.396897 2.251055 2.094872 1.979406 1.923175 1.924088 1.969185 2.0415 2.124267 2.203175 2.267504 2.31076 2.331098 2.331426 2.318694 2.30162 2.286114 2.267913 2.22267 2.094918 1.789056 1.167974 0.068 |label 0 1 0 0
|features 3.435 3.137566 2.917362 2.709692 2.504651 2.314721 2.155218 2.034462 1.950815 1.894005 1.848931 1.800552 1.738581 1.660782 1.573398 1.488276 1.417786 1.370637 1.350527 1.357082 1.387655 1.438758 1.506909 1.589 |label 0 1 0 0
|features 3.483 2.940475 2.610251 2.421016 2.337676 2.338086 2.402281 2.509177 2.637182 2.766273 2.880029 2.966794 3.019692 3.035589 3.013416 2.9524 2.850903 2.706532 2.518132 2.290107 2.039211 1.803547 1.652932 1.699 |label 1 0 0 0
|features 3.733 3.265176 2.89246 2.649038 2.540976 2.546756 2.626212 2.732398 2.822743 2.867331 2.853243 2.784837 2.680437 2.566421 2.469935 2.411572 2.399278 2.424431 2.460522 2.464058 2.376138 2.121633 1.60085 0.666 |label 0 1 0 0
|features 2.303 2.207826 2.112652 2.017478 1.922304 1.82713 1.731956 1.636783 1.541609 1.446435 1.351261 1.256087 1.160913 1.065739 0.9705652 0.8753913 0.7802174 0.6850435 0.5898696 0.4946957 0.3995217 0.3043478 0.2091739 0.114 |label 0 0 0 1
|features 3.089 2.982923 3.013346 3.040325 3.008429 2.911955 2.769306 2.605648 2.442857 2.295192 2.169028 2.065173 1.98202 1.918155 1.873186 1.846962 1.838171 1.843911 1.860379 1.883907 1.911598 1.941501 1.97248 2.004 |label 1 0 0 0
|features 0 0.04832277 0.1476334 0.270444 0.4072982 0.5452422 0.6666392 0.7565038 0.8081598 0.8230571 0.8075499 0.7697343 0.7175754 0.6580802 0.5970607 0.5391729 0.4879748 0.4459628 0.4145156 0.393784 0.3831239 0.3841049 0.4117127 0.517 |label 0 0 0 1
|features 1.72 1.26752 0.9313729 0.7302189 0.6371705 0.6165923 0.6416971 0.694658 0.7636104 0.8403462 0.9188323 0.9944078 1.063231 1.121939 1.167506 1.197163 1.208516 1.200063 1.172526 1.132349 1.100389 1.130567 1.32933 1.816 |label 0 1 0 0
|features 2.552 2.485217 2.418435 2.351652 2.28487 2.218087 2.151304 2.084522 2.017739 1.950956 1.884174 1.817391 1.750609 1.683826 1.617043 1.550261 1.483478 1.416696 1.349913 1.28313 1.216348 1.149565 1.082783 1.016 |label 0 1 0 0
|features 0.912 0.8957171 0.8464461 0.755976 0.6351127 0.501819 0.3738809 0.2651143 0.1838621 0.1333738 0.1130982 0.120394 0.151957 0.2045911 0.2753693 0.3615388 0.4605379 0.5701296 0.6883587 0.8136383 0.9446929 1.080457 1.220101 1.363 |label 0 0 1 0
|features 0.972 1.333895 1.627185 1.846472 2.003652 2.117075 2.205152 2.282948 2.360688 2.443418 2.531343 2.620607 2.704387 2.774279 2.821931 2.840816 2.827912 2.784898 2.718263 2.637588 2.551085 2.457413 2.33284 2.113 |label 1 0 0 0
|features 1.616 1.508162 1.508941 1.559112 1.620752 1.665521 1.672156 1.627743 1.529425 1.38475 1.209785 1.025498 0.8533638 0.711796 0.6149204 0.5729408 0.5939692 0.68622 0.8604152 1.132814 1.529677 2.093817 2.892632 4 |label 0 0 1 0
|features 4 3.698393 3.460401 3.265462 3.094719 2.933154 2.771672 2.608157 2.447203 2.298645 2.175265 2.090083 2.053695 2.072004 2.144625 2.264126 2.416168 2.580459 2.732332 2.844538 2.8886 2.834681 2.648373 2.282 |label 1 0 0 0
|features 2.536 2.861013 3.019032 3.079313 3.085081 3.061517 3.022097 2.973439 2.918841 2.860663 2.801718 2.745842 2.697794 2.662655 2.644867 2.647091 2.669019 2.7063 2.749734 2.784882 2.792232 2.748088 2.626298 2.401 |label 1 0 0 0
|features 0.711 0.6311384 0.5965214 0.6136194 0.680476 0.7900509 0.9327151 1.098028 1.275923 1.457408 1.634906 1.802319 1.954923 2.089172 2.202506 2.293209 2.360415 2.404293 2.426484 2.430814 2.424339 2.418738 2.432082 2.491 |label 1 0 0 0
|features 1.204 1.27896 1.471099 1.705418 1.942013 2.160936 2.352261 2.510016 2.628947 2.703377 2.727537 2.696892 2.60995 2.470046 2.286516 2.074685 1.854224 1.645736 1.466097 1.324146 1.219954 1.153304 1.150252 1.321 |label 0 1 0 0
|features 1.563 1.365856 1.175395 1.042242 0.9632863 0.9211596 0.9019252 0.8989519 0.910054 0.9340219 0.9689231 1.011806 1.058887 1.105743 1.147338 1.177845 1.190307 1.176075 1.124116 1.020409 0.8490409 0.5996503 0.2901945 0 |label 0 1 0 0
|features 1.107 1.323079 1.489813 1.60508 1.672118 1.697607 1.690097 1.658761 1.612446 1.55901 1.504913 1.455049 1.412777 1.380147 1.358282 1.347878 1.349824 1.365873 1.399374 1.455995 1.544431 1.677059 1.870489 2.146 |label 0 1 0 0
|features 4 3.443092 3.213279 3.115635 3.057194 3.00211 2.943539 2.887087 2.841832 2.815998 2.815228 2.842147 2.89648 2.975322 3.073457 3.183686 3.297172 3.403819 3.49273 3.552966 3.575187 3.555419 3.503332 3.459 |label 1 0 0 0
|features 2.783 1.777001 1.260459 1.058465 1.058536 1.185065 1.380922 1.596749 1.789085 1.926669 1.998309 2.013083 1.991502 1.955231 1.921447 1.901731 1.903034 1.929049 1.98138 2.06036 2.165547 2.296114 2.450985 2.629 |label 1 0 0 0
|features 2.557 2.614152 2.584875 2.525436 2.466681 2.419927 2.383999 2.351977 2.316683 2.27427 2.225645 2.175798 2.131472 2.09781 2.075001 2.056003 2.026767 1.96957 1.868675 1.715553 1.510743 1.261714 0.9787905 0.672 |label 0 1 0 0
|features 1.695 1.913763 2.025034 2.023292 1.935767 1.802156 1.661807 1.546376 1.476377 1.460428 1.496305 1.573154 1.674376 1.780802 1.873811 1.938049 1.963322 1.945232 1.883991 1.780861 1.631649 1.416793 1.087781 0.55 |label 0 1 0 0
|features 0 0.1260365 0.1840136 0.2037017 0.2078159 0.2125009 0.2279542 0.2591746 0.3068192 0.3681481 0.4380294 0.5099764 0.577181 0.6335051 0.6743865 0.6976126 0.7039088 0.6972862 0.6850877 0.6776674 0.6876346 0.7285875 0.8132604 0.951 |label 0 0 1 0
|features 3.409 3.370645 3.43499 3.526992 3.61094 3.672762 3.709292 3.722261 3.715222 3.692098 3.656538 3.611658 3.559981 3.503586 3.444417 3.384661 3.326962 3.274139 3.228166 3.188458 3.150299 3.10554 3.04986 3.004 |label 1 0 0 0
|features 2.533 2.205635 2.042491 1.971936 1.942013 1.920252 1.892194 1.85741 1.823639 1.801005 1.798273 1.821303 1.872974 1.953745 2.062336 2.196092 2.351441 2.523757 2.707274 2.894346 3.073879 3.227993 3.320556 3.245 |label 1 0 0 0
|features 2.359 1.946631 1.596734 1.33286 1.132751 0.9778669 0.8561473 0.7597497 0.6833369 0.623161 0.5764493 0.5411415 0.5156162 0.4986113 0.489099 0.4862408 0.489342 0.4978157 0.5111685 0.528971 0.5508584 0.576508 0.6056371 0.638 |label 0 0 1 0
|features 3.018 2.685355 2.487014 2.408731 2.419616 2.486156 2.579764 2.680123 2.775727 2.862608 2.941963 3.017364 3.09215 3.167529 3.241726 3.310335 3.367695 3.408906 3.431891 3.439016 3.438173 3.444245 3.483598 3.607 |label 1 0 0 0
|features 1.765 1.653953 1.455094 1.220692 0.9862961 0.7747865 0.5994059 0.4660494 0.3750237 0.3224578 0.3015077 0.3034579 0.3187836 0.3382001 0.3536859 0.3594263 0.3525898 0.3338042 0.307167 0.279581 0.2591719 0.2524997 0.2602442 0.271 |label 0 0 0 1
|features 2.256 2.053465 1.88874 1.821071 1.856382 1.970149 2.124349 2.279467 2.402461 2.471419 2.477499 2.424505 2.326467 2.203573 2.077237 1.965014 1.877684 1.820118 1.796612 1.817954 1.905234 2.08776 2.397256 2.862 |label 1 0 0 0
|features 2.304 2.317523 2.323368 2.319745 2.305441 2.279557 2.241407 2.190439 2.126257 2.048647 1.957628 1.853539 1.737233 1.610322 1.475499 1.337104 1.201858 1.079495 0.9831655 0.92823 0.9278523 0.9845428 1.080718 1.174 |label 0 1 0 0
|features 1.758 1.621471 1.554728 1.535005 1.542111 1.562851 1.58961 1.618143 1.646132 1.672305 1.695991 1.716865 1.734777 1.749705 1.76169 1.77081 1.77716 1.780846 1.781977 1.780663 1.777009 1.771116 1.763082 1.753 |label 0 0 1 0
|features 0.625 0.5978261 0.5706522 0.5434783 0.5163044 0.4891304 0.4619565 0.4347826 0.4076087 0.3804348 0.3532609 0.326087 0.298913 0.2717391 0.2445652 0.2173913 0.1902174 0.1630435 0.1358696 0.1086956 0.08152174 0.05434782 0.02717391 0 |label 0 0 0 1
|features 3.159 3.268238 3.349979 3.367117 3.329654 3.262109 3.187306 3.120331 3.068092 3.031368 3.007429 2.992269 2.982158 2.974659 2.969382 2.96873 2.978619 3.008784 3.071849 3.179892 3.336871 3.525171 3.684626 3.683 |label 1 0 0 0
|features 3.732 3.620322 3.537656 3.411168 3.235161 3.035474 2.846306 2.696668 2.603998 2.572348 2.593324 2.648535 2.712896 2.758923 2.762319 2.707697 2.591971 2.423171 2.215998 1.98661 1.749617 1.516569 1.296024 1.094 |label 0 1 0 0
|features 1.624 1.685882 1.794418 1.907803 1.996345 2.040982 2.031746 1.966216 1.847975 1.685103 1.488728 1.271668 1.047184 0.8278738 0.6247286 0.4463871 0.2986038 0.1839652 0.1018754 0.04884027 0.01907582 0.005466047 0.0008980705 0 |label 0 0 0 1
|features 1.771 2.104967 2.081722 1.860548 1.564108 1.2783 1.054804 0.9162186 0.8632313 0.8828841 0.9567444 1.067772 1.204854 1.36438 1.548812 1.762845 2.008486 2.280851 2.566805 2.848311 3.11145 3.36022 3.63113 4 |label 1 0 0 0
|features 3.725 3.607977 3.486462 3.360914 3.232144 3.101086 2.96906 2.837756 2.709441 2.587075 2.474376 2.376096 2.297918 2.246199 2.227238 2.24569 2.302422 2.392654 2.505929 2.629092 2.751299 2.869087 2.990129 3.136 |label 1 0 0 0
|features 0.9 1.368962 1.727046 2.00469 2.221938 2.392798 2.527662 2.634723 2.720604 2.790898 2.850485 2.90374 2.954623 3.006715 3.06314 3.126292 3.197275 3.275019 3.354875 3.427139 3.476636 3.485451 3.439368 3.335 |label 1 0 0 0
|features 3.095 2.721469 2.400026 2.131285 1.915219 1.750975 1.636442 1.568138 1.540991 1.548333 1.582034 1.6329 1.691396 1.748381 1.796036 1.828482 1.842154 1.835809 1.810209 1.767592 1.711032 1.643746 1.568521 1.487 |label 0 1 0 0
|features 3.984 3.952149 3.875616 3.790453 3.717925 3.669473 3.649588 3.657634 3.689209 3.737355 3.793831 3.850462 3.900504 3.939737 3.967009 3.983771 3.992876 3.997246 3.999088 3.999755 3.999952 3.999995 4 4 |label 1 0 0 0
|features 2.655 3.177036 3.509029 3.711533 3.827931 3.889637 3.919074 3.931079 3.934418 3.93363 3.93077 3.926637 3.921497 3.915468 3.908722 3.901624 3.89486 3.889612 3.887801 3.892393 3.90745 3.936537 3.975846 4 |label 1 0 0 0
|features 1.606 1.342664 1.278291 1.321999 1.404353 1.484388 1.545094 1.584802 1.608804 1.623342 1.63251 1.637688 1.638576 1.634808 1.627264 1.618541 1.612506 1.613345 1.624994 1.652205 1.704739 1.806229 2.009036 2.416 |label 0 0 1 0
|features 3.546 3.402265 3.267754 3.142469 3.026408 2.919573 2.821962 2.733577 2.654416 2.58448 2.523769 2.472284 2.430023 2.396987 2.373176 2.35859 2.353229 2.357093 2.370182 2.392495 2.424034 2.464798 2.514786 2.574 |label 1 0 0 0
|features 3.988 3.909549 3.783585 3.608412 3.403032 3.195545 3.01304 2.873338 2.779043 2.716879 2.664438 2.600707 2.512924 2.39694 2.254084 2.088131 1.903459 1.704114 1.49354 1.274527 1.049369 0.8198163 0.5873181 0.353 |label 0 1 0 0
|features 2.214 2.234195 2.252873 2.270098 2.28595 2.300592 2.314263 2.327338 2.340364 2.354146 2.369856 2.38916 2.41439 2.448721 2.496229 2.561757 2.650321 2.766123 2.911359 3.085648 3.286232 3.508848 3.748491 4 |label 1 0 0 0
|features 1.594 2.076052 2.300945 2.392029 2.42315 2.433704 2.440967 2.4499 2.460496 2.472685 2.488887 2.514475 2.556538 2.621576 2.712834 2.828101 2.958624 3.089544 3.201663 3.273431 3.280741 3.190294 2.939896 2.396 |label 1 0 0 0
|features 2.995 3.116394 3.060578 2.950266 2.8487 2.782206 2.755704 2.762894 2.792515 2.831909 2.869091 2.894218 2.901115 2.888913 2.863003 2.834038 2.814641 2.815497 2.843032 2.899343 2.983393 3.092458 3.223144 3.372 |label 1 0 0 0
|features 2.143 1.478303 1.057009 0.803956 0.6708233 0.6190073 0.6158006 0.635896 0.6635522 0.6931418 0.7274482 0.7741172 0.8412344 0.9331951 1.04794 1.176311 1.303762 1.413988 1.493159 1.532366 1.524588 1.450781 1.247647 0.747 |label 0 0 1 0
|features 1.975 1.941181 1.844708 1.715565 1.579375 1.458385 1.36972 1.323084 1.31922 1.349605 1.397756 1.442209 1.461159 1.438307 1.368354 1.259415 1.1302 1.003359 0.8991934 0.8322324 0.811143 0.8399321 0.9195274 1.049 |label 0 1 0 0
|features 2.188 2.208753 2.348206 2.500353 2.632675 2.741658 2.830039 2.897496 2.938948 2.946645 2.913641 2.837375 2.722671 2.583416 2.441425 2.321969 2.246951 2.229664 2.273655 2.375058 2.525929 2.717032 2.939388 3.185 |label 1 0 0 0
|features 4 3.869535 3.796602 3.757231 3.735217 3.720801 3.709235 3.699346 3.692181 3.689789 3.694198 3.706625 3.726912 3.753219 3.781914 3.807667 3.823651 3.821816 3.79312 3.727627 3.614344 3.440655 3.191196 2.846 |label 1 0 0 0
|features 2.836 2.727248 2.707833 2.727066 2.756977 2.784846 2.807574 2.827277 2.847798 2.872012 2.900001 2.928221 2.949761 2.955694 2.937315 2.888859 2.81007 2.707826 2.596023 2.493102 2.417096 2.379005 2.37674 2.394 |label 1 0 0 0
|features 1.134 1.090346 1.049686 1.012011 0.9773244 0.9455433 0.9165261 0.8900167 0.8656217 0.8427486 0.8205234 0.7977431 0.7727986 0.7436811 0.7081886 0.6644097 0.611671 0.5517164 0.4896953 0.4342301 0.3965976 0.3895209 0.4262405 0.52 |label 0 0 1 0
|features 0.877 0.7115296 0.7629898 0.8934065 1.045431 1.192912 1.319386 1.411533 1.459414 1.458683 1.412264 1.330433 1.229142 1.12691 1.040843 0.9825054 0.9544358 0.9481912 0.9449071 0.9193896 0.8487 0.7258886 0.5788485 0.493 |label 0 1 0 0
|features 1.403 1.720342 1.995355 2.224695 2.409412 2.554559 2.668241 2.76036 2.841236 2.920299 3.004981 3.099905 3.206436 3.322631 3.44357 3.562037 3.669467 3.757053 3.816854 3.842731 3.830891 3.779767 3.688977 3.557 |label 1 0 0 0
|features 0.535 0.5117391 0.4884783 0.4652174 0.4419565 0.4186957 0.3954348 0.3721739 0.348913 0.3256522 0.3023913 0.2791304 0.2558696 0.2326087 0.2093478 0.186087 0.1628261 0.1395652 0.1163043 0.09304348 0.06978261 0.04652174 0.02326087 0 |label 0 0 0 1
|features 1.764 1.588323 1.552351 1.545546 1.513546 1.43852 1.324238 1.185032 1.03813 0.8987555 0.7775218 0.6799588 0.607729 0.561142 0.5417625 0.5537472 0.6028504 0.6941134 0.8299646 1.010003 1.231564 1.490869 1.783722 2.106 |label 0 0 1 0
|features 0.405 0.464 0.523 0.582 0.641 0.7 0.759 0.818 0.877 0.936 0.995 1.054 1.113 1.172 1.231 1.29 1.349 1.408 1.467 1.526 1.585 1.644 1.703 1.762 |label 0 1 0 0
|features 1.322 1.278834 1.218511 1.144907 1.061571 0.9717343 0.8783041 0.7838671 0.6906883 0.6007109 0.5155568 0.4365259 0.3645967 0.3004262 0.2443494 0.1963802 0.1562105 0.1232106 0.09642951 0.0745943 0.05611058 0.03906232 0.02121188 0 |label 0 0 0 1
|features 1.105 1.145438 1.176837 1.199004 1.211775 1.215104 1.209085 1.194026 1.170547 1.139722 1.103224 1.063556 1.024218 0.9897348 0.9653659 0.9560018 0.9640813 0.9867217 1.013263 1.024758 0.9957366 0.8970358 0.6982154 0.369 |label 0 1 0 0
|features 1.725 1.634019 1.546989 1.463773 1.384305 1.308396 1.235845 1.166371 1.099664 1.035385 0.9731643 0.9127727 0.8542298 0.7980719 0.7457589 0.69994 0.664371 0.6427708 0.6363351 0.6402221 0.6401089 0.6094736 0.5073721 0.276 |label 0 0 0 1
|features 2.408 2.469535 2.526306 2.54157 2.515274 2.468318 2.428905 2.4221 2.463094 2.554295 2.685865 2.839015 2.991087 3.121279 3.215768 3.271102 3.294921 3.303469 3.316019 3.347155 3.399049 3.457329 3.495983 3.499 |label 1 0 0 0
|features 0.52 0.5818029 0.6387762 0.6907245 0.7374032 0.7785786 0.8139696 0.8432801 0.8662011 0.882382 0.8914467 0.8929769 0.8865145 0.8715566 0.8475356 0.813826 0.7697304 0.7144535 0.6470919 0.5666348 0.4718626 0.3614748 0.2338177 0.087 |label 0 0 1 0
|features 2.271 2.212643 2.150614 2.084915 2.015544 1.942503 1.86579 1.785406 1.701352 1.613626 1.522229 1.427161 1.328422 1.226011 1.11993 1.010178 0.8967543 0.7796597 0.6588941 0.5344574 0.4063497 0.2745709 0.139121 0 |label 0 0 0 1
|features 0.131 0.1223141 0.1190634 0.1212423 0.1287802 0.1415141 0.1591477 0.1812088 0.2069696 0.2353589 0.2648719 0.2934151 0.3182337 0.3359139 0.3426092 0.3347262 0.3100938 0.2693302 0.2166187 0.1590197 0.1044297 0.05904898 0.02526105 0 |label 0 0 0 1
|features 3.097 3.159409 3.058006 2.816889 2.490739 2.141509 1.822985 1.572367 1.407563 1.328693 1.322268 1.366636 1.437568 1.513103 1.577132 1.621429 1.645999 1.657598 1.666042 1.677351 1.681876 1.634197 1.419662 0.8 |label 0 1 0 0
|features 0 0.02443478 0.04886957 0.07330435 0.09773913 0.1221739 0.1466087 0.1710435 0.1954783 0.2199131 0.2443478 0.2687826 0.2932174 0.3176522 0.342087 0.3665217 0.3909565 0.4153913 0.4398261 0.4642609 0.4886957 0.5131304 0.5375652 0.562 |label 0 0 0 1
|features 0 0.08235961 0.1510985 0.2317911 0.318915 0.3983761 0.4590828 0.4971242 0.5154361 0.5211945 0.5225734 0.525965 0.5342883 0.5466293 0.5591564 0.5670487 0.5670641 0.5603491 0.5551528 0.5692436 0.6320225 0.7865743 1.092168 1.628 |label 0 0 1 0
